#    time[fs]         Re(autocorrel)     Im(autocorrel)     Abs(autocorrel)
     0.00000000       1.00000000000000   0.00000000000000   1.00000000000000
    0.500000000       0.80113367264668  -0.57770730279144   0.98770485933143
     1.00000000       0.30683271074847  -0.90194729544306   0.95270941852293
     1.50000000      -0.24675714676418  -0.86561960573227   0.90010354476987
     2.00000000      -0.63747181443878  -0.54197329797429   0.83672299473661
     2.50000000      -0.76236379054735  -0.10441132768657   0.76948052248708
     3.00000000      -0.64536603207921   0.28152146392772   0.70409633574793
     3.50000000      -0.38096175399074   0.51985823612960   0.64450325342505
     4.00000000      -0.07318434883661   0.58831882572242   0.59285326145181
     4.50000000       0.19852812832689   0.51278948653132   0.54987860045108
     5.00000000       0.38726856855279   0.34003645786717   0.51536563415480
     5.50000000       0.47354126276943   0.12033156139809   0.48859084335849
     6.00000000       0.45773311763220  -0.10061147998287   0.46866008671706
     6.50000000       0.35441919396791  -0.28492509223588   0.45474748293804
     7.00000000       0.18839781731195  -0.40453058255028   0.44624962721147
     7.50000000      -0.00893739883599  -0.44278011778281   0.44287030810579
     8.00000000      -0.20357386374397  -0.39530666783109   0.44464556630126
     8.50000000      -0.36272870147089  -0.26954792327335   0.45191613581696
     9.00000000      -0.45772565279871  -0.08335389007457   0.46525331188565
     9.50000000      -0.46586413162940   0.13611168763416   0.48534089117798
     10.0000000      -0.37265468636268   0.35227965074054   0.51280841217159
     10.5000000      -0.17670909912451   0.51873162046052   0.54800419686257
     11.0000000       0.10126157365701   0.58195712135853   0.59070127594191
     11.5000000       0.40768964494852   0.49303005928298   0.63975736490863
     12.0000000       0.65275015695450   0.23216017549231   0.69280669344973
     12.5000000       0.72882215483920  -0.15977969507910   0.74613087614977
     13.0000000       0.55899445362043  -0.56513349410915   0.79489034799928
     13.5000000       0.15823392426599  -0.81867898158070   0.83383046818321
     14.0000000      -0.33990337768269  -0.78821177275895   0.85837760040434
     14.5000000      -0.73248751315958  -0.46157348506893   0.86578752535099
     15.0000000      -0.85531026501097   0.03120495598762   0.85587931316940
     15.5000000      -0.67284104479239   0.48773616222387   0.83102444939856
     16.0000000      -0.28394629856207   0.74300263539205   0.79541084771747
     16.5000000       0.14869347617537   0.73912180312693   0.75393022867817
     17.0000000       0.48269057171848   0.52222846687086   0.71113483927888
     17.5000000       0.64205164338279   0.19345718969245   0.67056393954211
     18.0000000       0.61841393019159  -0.14198905948913   0.63450506859253
     18.5000000       0.44898974320281  -0.40413775777004   0.60408535552248
     19.0000000       0.19277679298881  -0.54653471270017   0.57953695663116
     19.5000000      -0.08595698643369  -0.55388231235540   0.56051246146444
     20.0000000      -0.32775209999363  -0.43716304989013   0.54638170836831
     20.5000000      -0.48528407525009  -0.22871985737256   0.53648243852699
     21.0000000      -0.52977681071715   0.02386485982103   0.53031405856144
     21.5000000      -0.45548084113058   0.26639812233723   0.52766538281549
     22.0000000      -0.28007201802500   0.44838456258243   0.52866724056143
     22.5000000      -0.04023149078175   0.53224873465961   0.53376707316701
     23.0000000       0.21584631589675   0.49894604041647   0.54363294908741
     23.5000000       0.43608855082248   0.34972652689920   0.55900077618499
     24.0000000       0.57069238237808   0.10612526953153   0.58047598411779
     24.5000000       0.57801054869230  -0.18953991396000   0.60829398598337
     25.0000000       0.43357805902036  -0.47353094901903   0.64204477487379
     25.5000000       0.14472253976501  -0.66481951684109   0.68038930289125
     26.0000000      -0.23279774160165  -0.68221633251680   0.72084250210952
     26.5000000      -0.58961268658668  -0.47914579291317   0.75975246695904
     27.0000000      -0.78800420516681  -0.08543897537723   0.79262251158675
     27.5000000      -0.72349792041337   0.37486698694861   0.81484630375698
     28.0000000      -0.39423122675243   0.72213727621522   0.82273963429889
     28.5000000       0.07703320810189   0.81088494168698   0.81453575968472
     29.0000000       0.50015858080340   0.61270291154464   0.79092570053485
     29.5000000       0.71974600010888   0.22763163878406   0.75488440681223
     30.0000000       0.68713230393127  -0.18212609285729   0.71085913991828
     30.5000000       0.45899594060069  -0.47937299041936   0.66368346177339
     31.0000000       0.14335913706347  -0.60076764729601   0.61763549786032
     31.5000000      -0.15756957692790  -0.55391742038151   0.57589294159187
     32.0000000      -0.37714344041666  -0.38704243430260   0.54040634766831
     32.5000000      -0.48667972601668  -0.15921495679384   0.51206108833081
     33.0000000      -0.48497853845189   0.07644486434421   0.49096639400628
     33.5000000      -0.38729423215795   0.27802525380012   0.47675451126700
     34.0000000      -0.21861992487331   0.41474297434935   0.46883515900981
     34.5000000      -0.01066186435233   0.46647273828372   0.46659456802816
     35.0000000       0.20013017861365   0.42476051691004   0.46954614801701
     35.5000000       0.37564311097829   0.29468606862923   0.47743860952964
     36.0000000       0.48085086998828   0.09589168426961   0.49031905355650
     36.5000000       0.48933698804585  -0.13843656975025   0.50854239913109
     37.0000000       0.38837223203397  -0.36462992439105   0.53271753526280
     37.5000000       0.18320876636448  -0.53297198469543   0.56358192709044
     38.0000000      -0.09878944166582  -0.59363245584191   0.60179634961799
     38.5000000      -0.40416907542504  -0.50606329533946   0.64765168139962
     39.0000000      -0.65274526373979  -0.25473635278553   0.70069036582873
     39.5000000      -0.74824125371327   0.12900632322332   0.75928097907823
     40.0000000      -0.60972909217281   0.54867588946248   0.82025288632185
     40.5000000      -0.22346202700593   0.84989425079954   0.87878069793078
     41.0000000       0.31043497858620   0.87532735046657   0.92874530760841
     41.5000000       0.78503126552504   0.55897436533476   0.96370453405245
     42.0000000       0.97834304642186  -0.00059723591854   0.97834322871514
     42.5000000       0.78829966965713  -0.56512786204704   0.96994116813516
     43.0000000       0.30610682343116  -0.88795288715034   0.93923464435132
     43.5000000      -0.24106145165216  -0.85698988758808   0.89024844335774
     44.0000000      -0.63085282594190  -0.53809050240128   0.82916625400057
     44.5000000      -0.75579654167881  -0.10282316114824   0.76275881829198
     45.0000000      -0.63795515426733   0.28075535865723   0.69700096862989
     45.5000000      -0.37363490728259   0.51501351486775   0.63627192648781
     46.0000000      -0.06905410605553   0.57907845545864   0.58318121295143
     46.5000000       0.19649969490148   0.50171768779875   0.53882535978413
     47.0000000       0.37860421164622   0.33150682623715   0.50322750810949
     47.5000000       0.46086374474690   0.11819711112215   0.47577930629627
     48.0000000       0.44559650806164  -0.09494874547175   0.45560016710202
     48.5000000       0.34728853613693  -0.27308620649981   0.44179792158021
     49.0000000       0.18890910912232  -0.39033545034497   0.43364549496727
     49.5000000      -0.00069490514347  -0.43069134402221   0.43069190462419
     50.0000000      -0.18971205950073  -0.38902635424087   0.43281886490073
     50.5000000      -0.34671307600724  -0.27130838832519   0.44024788318629
     51.0000000      -0.44369610685624  -0.09378834833698   0.45350026408279
     51.5000000      -0.45833862980199   0.11810550955840   0.47331090306142
     52.0000000      -0.37613392547816   0.33017485261153   0.50049192120618
     52.5000000      -0.19427077558168   0.49926945467217   0.53573419026020
     53.0000000       0.07092940877218   0.57497239354822   0.57933085052614
     53.5000000       0.37378042252369   0.50815562345030   0.63082005509190
     54.0000000       0.63280114335212   0.27150570816379   0.68858742116980
     54.5000000       0.74149153011435  -0.10956775774548   0.74954304930984
     55.0000000       0.60900620509224  -0.53263269295485   0.80906498097816
     55.5000000       0.22395308015399  -0.83179278911080   0.86141408516879
     56.0000000      -0.29974794759884  -0.84935954949762   0.90069999245726
     56.5000000      -0.74969287174983  -0.53705894974450   0.92221023495360
     57.0000000      -0.92359225089535  -0.00939977645232   0.92364008234339
     57.5000000      -0.74913470961121   0.50900235985147   0.90569653608625
     58.0000000      -0.32076432928568   0.81065090352072   0.87180539245927
     58.5000000       0.16967981156017   0.80948908409685   0.82708150488513
     59.0000000       0.54301951188371   0.55579932976980   0.77703480311951
     59.5000000       0.70445674355441   0.17758718265713   0.72649605021870
     60.0000000       0.65129676307207  -0.19204730905006   0.67902109135249
     60.5000000       0.44097513107172  -0.45936564765957   0.63676986774926
     61.0000000       0.15331167995933  -0.58081052441728   0.60070403401828
     61.5000000      -0.13529136284052  -0.55466418632533   0.57092566280663
     62.0000000      -0.36453170774878  -0.40787274576364   0.54703157376061
     62.5000000      -0.49515762849489  -0.18451830091471   0.52842036337478
     63.0000000      -0.51058098586434   0.06362663749784   0.51453016639016
     63.5000000      -0.41639034183064   0.28573784379281   0.50500201202094
     64.0000000      -0.23720488190578   0.43988835732697   0.49976786902696
     64.5000000      -0.01076351966244   0.49894945095446   0.49906553473796
     65.0000000       0.21930330778825   0.45310671519400   0.50338815655592
     65.5000000       0.40979690140625   0.30923472601770   0.51338057635385
     66.0000000       0.52214906524981   0.08907688612701   0.52969268258428
     66.5000000       0.52549054194778  -0.17157653372434   0.55279183839980
     67.0000000       0.40149208614549  -0.42234892728245   0.58273022198449
     67.5000000       0.15382667051940  -0.59944862446193   0.61887098650073
     68.0000000      -0.17844649869391  -0.63501312944993   0.65960960231785
     68.5000000      -0.51174094502969  -0.48081220585060   0.70218172299968
     69.0000000      -0.72868493111526  -0.14360863316995   0.74270126454409
     69.5000000      -0.72118181579165   0.28802573454853   0.77657068911385
     70.0000000      -0.45473649165925   0.65733658611404   0.79929760683404
     70.5000000      -0.01097903317613   0.80746927483060   0.80754391147784
     71.0000000       0.43719305002346   0.67001403513618   0.80003535563641
     71.5000000       0.71450362356908   0.30767969516026   0.77793458780752
     72.0000000       0.73394936276547  -0.12489540116931   0.74450018692884
     72.5000000       0.52522628180053  -0.46907019518586   0.70419421689311
     73.0000000       0.19450567219823  -0.63239398179935   0.66163026286085
     73.5000000      -0.14004146226831  -0.60473696815322   0.62074021281482
     74.0000000      -0.39279801269648  -0.43262916495296   0.58434431044222
     74.5000000      -0.52276358792074  -0.18369333370922   0.55409837547585
     75.0000000      -0.52494865022218   0.07777355818263   0.53067863318818
     75.5000000      -0.41693374285094   0.30070372633275   0.51405882635949
     76.0000000      -0.22916307600443   0.44864690190766   0.50378542852603
     76.5000000       0.00006229972061   0.49921245437469   0.49921245826207
     77.0000000       0.22766460928001   0.44481456842457   0.49969107916928
     77.5000000       0.40989959494144   0.29448728772342   0.50471817934749
     78.0000000       0.50859830799117   0.07461370636909   0.51404225903092
     78.5000000       0.49840423789070  -0.17343048500815   0.52771670191265
     79.0000000       0.37278723114875  -0.39905132632683   0.54608816206795
     79.5000000       0.14731971535970  -0.55033505454403   0.56971200688913
     80.0000000      -0.13974023498779  -0.58266995107670   0.59919246086893
     80.5000000      -0.42897182689023  -0.46812655634247   0.63494826641122
     81.0000000      -0.64452609077534  -0.20686091813945   0.67690865051618
     81.5000000      -0.70632654642308   0.15972161037440   0.72416032962497
     82.0000000      -0.55519532973155   0.54015972575645   0.77460595368549
     82.5000000      -0.19025903960342   0.80251133180696   0.82475629117297
     83.0000000       0.29817383363497   0.81712940417924   0.86983222418975
     83.5000000       0.73376430075218   0.52859643873492   0.90433635562305
     84.0000000       0.92296415942743   0.01630606934482   0.92310818839671
     84.5000000       0.76474111459877  -0.51613312708926   0.92261713469711
     85.0000000       0.32367172872938  -0.84194396392449   0.90201608986068
     85.5000000      -0.20165852897414  -0.83959744125999   0.86347555013350
     86.0000000      -0.59650800407258  -0.55036639284627   0.81161873148497
     86.5000000      -0.74115400104236  -0.12908006286363   0.75231038533970
     87.0000000      -0.64187235509226   0.25675728382810   0.69132078156993
     87.5000000      -0.38732445842529   0.50109364008249   0.63333646052123
     88.0000000      -0.08442981268261   0.57535806555303   0.58151981640056
     88.5000000       0.18375364007454   0.50516557604587   0.53754782062845
     89.0000000       0.36996678663897   0.33919840925929   0.50192726969153
     89.5000000       0.45677488980911   0.12807981378868   0.47439196732267
     90.0000000       0.44630844160808  -0.08463878804885   0.45426308400860
     90.5000000       0.35264724819651  -0.26435271448629   0.44072944003871
     91.0000000       0.19780863212427  -0.38523161937586   0.43304925298380
     91.5000000       0.00957865804236  -0.43058257328617   0.43068910261072
     92.0000000      -0.18070800402585  -0.39394276971322   0.43341237699024
     92.5000000      -0.34118114348671  -0.27992865274511   0.44132145121055
     93.0000000      -0.44278755197284  -0.10406867087552   0.45485283822342
     93.5000000      -0.46223217734609   0.10818175407397   0.47472294834843
     94.0000000      -0.38457720522277   0.32237160832317   0.50181976907035
     94.5000000      -0.20683536559449   0.49560051568894   0.53702955189799
     95.0000000       0.05563910404341   0.57831007995594   0.58098042865263
     95.5000000       0.35990297747189   0.52156493003865   0.63368772233598
     96.0000000       0.62825673526763   0.29510788717082   0.69411468107192
     96.5000000       0.75516468484337  -0.08315770047145   0.75972949421639
     97.0000000       0.64259996100465  -0.51935450368789   0.82623471869927
     97.5000000       0.26361332046093  -0.84767187402971   0.88771593922013
     98.0000000      -0.28065725225837  -0.89441097968469   0.93741105915481
     98.5000000      -0.77132236058287  -0.58665451935458   0.96907260255065
     99.0000000      -0.97813501287988  -0.02830195451535   0.97854438021528
     99.5000000      -0.80142404526528   0.53740220995216   0.96492571506351
     100.000000      -0.33517066771718   0.86834914650887   0.93078978117546
     100.500000       0.20116570499270   0.85809871550332   0.88136317509506
     101.000000       0.59731230629545   0.56627330681384   0.82307195873865
     101.500000       0.74751286547461   0.14828062405798   0.76207783560545
     102.000000       0.66115654370032  -0.23973763613394   0.70327953863087
     102.500000       0.41737531753271  -0.49819711911723   0.64992501504577
     103.000000       0.11263681187232  -0.59310936989895   0.60371000989770
     103.500000      -0.17178127420775  -0.53839657714440   0.56513686877538
     104.000000      -0.38118619201079  -0.37388409612148   0.53394028721596
     104.500000      -0.48712459691324  -0.14922644902214   0.50946923950877
     105.000000      -0.48344409298390   0.08571702257370   0.49098431645006
     105.500000      -0.38215082881213   0.28691034897998   0.47786693159667
     106.000000      -0.20913990847463   0.42062328875426   0.46974828616954
     106.500000       0.00084139944801   0.46656566357394   0.46656642225863
     107.000000       0.20971586871621   0.41900754701528   0.46855956936889
     107.500000       0.38088686159567   0.28582639996980   0.47620534673174
     108.000000       0.48239503187109   0.08664503802779   0.49011460842210
     108.500000       0.48890048380106  -0.14824831768125   0.51088281117711
     109.000000       0.38459735616668  -0.37747978698662   0.53889341799085
     109.500000       0.16971663298604  -0.54840503341467   0.57406603817563
     110.000000      -0.12859447274450  -0.60197662589745   0.61555860529061
     110.500000      -0.44555069327229  -0.48891176672816   0.66147572587411
     111.000000      -0.68018803453552  -0.19898736605099   0.70869720909088
     111.500000      -0.72365363237431   0.20812420683400   0.75298755973708
     112.000000      -0.51551057819974   0.59798915703831   0.78952022657511
     112.500000      -0.09896683803533   0.80776456916801   0.81380466589587
     113.000000       0.37441035074528   0.73264907116825   0.82277443581392
     113.500000       0.71376626397438   0.39468456489499   0.81562134925117
     114.000000       0.79137551087748  -0.06455078447828   0.79400378021352
     114.500000       0.60327073884878  -0.46476006181576   0.76153627583336
     115.000000       0.25060698127523  -0.67797141364115   0.72280640338784
     115.500000      -0.12880718956300  -0.67006772831172   0.68233573305811
     116.000000      -0.42341403507049  -0.48500809461789   0.64382629407283
     116.500000      -0.57492862451682  -0.20331505972826   0.60981959365136
     117.000000      -0.57415166679315   0.09343463034584   0.58170453550683
     117.500000      -0.44447596354382   0.34053058159311   0.55992853041111
     118.000000      -0.22702696318131   0.49467118686212   0.54428009804043
     118.500000       0.02860158242657   0.53339922886036   0.53416550606168
     119.000000       0.27030135777983   0.45455439503482   0.52885018867642
     119.500000       0.44953986474667   0.27629340543469   0.52765910954247
     120.000000       0.52894485575335   0.03545736921752   0.53013195098934
     120.500000       0.48986376017256  -0.21785410363785   0.53612210736198
     121.000000       0.33697324569999  -0.42938865884716   0.54582560279282
     121.500000       0.09809445237254  -0.55106939075248   0.55973207430929
     122.000000      -0.18015227473416  -0.54973424403462   0.57850028621964
     122.500000      -0.43871810681701  -0.41334576008804   0.60276719770726
     123.000000      -0.61339423474162  -0.15591562807543   0.63289981062757
     123.500000      -0.64468072957355   0.17761408601440   0.66870023675353
     124.000000      -0.49392864396247   0.50876655166892   0.70909019836949
     124.500000      -0.16687418756294   0.73308790172630   0.75184098460530
     125.000000       0.26385241743591   0.74831629626023   0.79347046412289
     125.500000       0.65833112302723   0.50458801779849   0.82946304031711
     126.000000       0.85318883981869   0.05441605863406   0.85492239637784
     126.500000       0.74474427345642  -0.44116123914049   0.86560225956619
     127.000000       0.36172937620910  -0.77915090218310   0.85902518588536
     127.500000      -0.13610803218556  -0.82408126890891   0.83524567295613
     128.000000      -0.54507474840584  -0.58132675111236   0.79689853363432
     128.500000      -0.72672095813725  -0.17922405068186   0.74849489733647
     129.000000      -0.66072772998390   0.21646548754664   0.69528299308158
     129.500000      -0.42106404365264   0.48481900517073   0.64214048044944
     130.000000      -0.11521959903804   0.58154202036036   0.59284625110335
     130.500000       0.16552829377765   0.52432004104371   0.54982826544387
     131.000000       0.36590578180231   0.36138172707717   0.51427987888079
     131.500000       0.46391705386357   0.14638171958904   0.48646340118790
     132.000000       0.46016655079360  -0.07382436028697   0.46605073826898
     132.500000       0.36868336605849  -0.26221487581912   0.45242023110053
     133.000000       0.21185627579738  -0.39120459577123   0.44488663426458
     133.500000       0.01812866604260  -0.44249925796299   0.44287045716584
     134.000000      -0.17984611692881  -0.40815147988651   0.44601822418811
     134.500000      -0.34802679064220  -0.29197008741299   0.45427874586938
     135.000000      -0.45480645252687  -0.11005621448309   0.46793298623459
     135.500000      -0.47500261507127   0.10999331316349   0.48757154681669
     136.000000      -0.39349707532206   0.33071015099389   0.51401279386550
     136.500000      -0.20915579910463   0.50667988435675   0.54815203503305
     137.000000       0.05957877087255   0.58771475685860   0.59072689575475
     137.500000       0.36719785035918   0.52660032223954   0.64198299096720
     138.000000       0.63571944576463   0.29597469202220   0.70124192119477
     138.500000       0.76173072925939  -0.08471318425377   0.76642679199285
     139.000000       0.64914849266330  -0.52311277853144   0.83369103664962
     139.500000       0.26937639145663  -0.85600465337798   0.89738932848511
     140.000000      -0.28095991027697  -0.90817382212473   0.95064092189190
     140.500000      -0.78354511905372  -0.59948295450866   0.98657121706410
     141.000000      -0.99956787478175  -0.02849189577472   0.99997386186867
     141.500000      -0.81808470652581   0.55537712491627   0.98879034073543
     142.000000      -0.33258729308817   0.89493893288665   0.95474080310837
     142.500000       0.22377616828815   0.87462208340149   0.90279541551079
     143.000000       0.62522101362024   0.56060199225341   0.83974752729068
     143.500000       0.76248519094172   0.12423080218621   0.77253929260411
     144.000000       0.65470833633080  -0.26675024350696   0.70696442489850
     144.500000       0.39464073541677  -0.51275872708745   0.64704159236840
     145.000000       0.08686788622454  -0.58862296511206   0.59499834009384
     145.500000      -0.18772682753509  -0.51869592164231   0.55162199095463
     146.000000      -0.38082497584204  -0.34926317250918   0.51673245098046
     146.500000      -0.47186393810654  -0.13066644959672   0.48962158565123
     147.000000      -0.46047413486531   0.09108889046974   0.46939707588241
     147.500000      -0.36067935584583   0.27774225606037   0.45522561278433
     148.000000      -0.19688463894591   0.40073737974266   0.44649077098622
     148.500000      -0.00026079742031   0.44288075253884   0.44288082932620
     149.000000       0.19521633734125   0.39924506815216   0.44441651950479
     149.500000       0.35663982983343   0.27675489484417   0.45142578575423
     150.000000       0.45510393623015   0.09281348944367   0.46447167469598
     150.500000       0.46760011906573  -0.12583680487875   0.48423627787722
     151.000000       0.37918750207760  -0.34307753858566   0.51135639158404
     151.500000       0.18771266815049  -0.51293077016549   0.54619961622720
     152.000000      -0.08737263056786  -0.58205206210058   0.58857334255630
     152.500000      -0.39419446974455  -0.50087053515748   0.63738573326215
     153.000000      -0.64441608041580  -0.24756379046660   0.69033319132768
     153.500000      -0.73039140413991   0.14037519512741   0.74375856206737
     154.000000      -0.57240684271941   0.54861693068862   0.79286198687426
     154.500000      -0.18014287937073   0.81265802493001   0.83238484036599
     155.000000       0.31784608555946   0.79662544013686   0.85769355015572
     155.500000       0.71963858862505   0.48162814046426   0.86593612000269
     156.000000       0.85676863672896  -0.00790430433832   0.85680509738766
     156.500000       0.68691385669082  -0.47043874395246   0.83256426678391
     157.000000       0.30396107076678  -0.73712941149187   0.79734064353201
     157.500000      -0.13028914663794  -0.74470768445586   0.75601904540775
     158.000000      -0.47107651265297  -0.53546466327289   0.71318685236566
     158.500000      -0.63903861684608  -0.20929615288276   0.67243976193565
     159.000000      -0.62313283482358   0.12790396985381   0.63612416660558
     159.500000      -0.45908378399542   0.39467888324822   0.60541666776660
     160.000000      -0.20535555908191   0.54305399888505   0.58058466337898
     160.500000       0.07374258909547   0.55643616370919   0.56130132168908
     161.000000       0.31835491757056   0.44474477564061   0.54694402730167
     161.500000       0.48046716177162   0.23949219284789   0.53684746807261
     162.000000       0.53035879289548  -0.01225173361626   0.53050028668998
     162.500000       0.46120889852001  -0.25637568416482   0.52767616916535
     163.000000       0.28970713845855  -0.44200855700696   0.52849010448750
     163.500000       0.05182714387852  -0.53085256710640   0.53337650946218
     164.000000      -0.20459148753308  -0.50297833659203   0.54299620979514
     164.500000      -0.42752410634364  -0.35872425765660   0.55808597414395
     165.000000      -0.56696930231323  -0.11870339867205   0.57926219160398
     165.500000      -0.58077433968605   0.17574736136433   0.60678329629637
     166.000000      -0.44343238816676   0.46186673604221   0.64027585050318
     166.500000      -0.16043865535573   0.65920719161119   0.67845020716650
     167.000000       0.21495733143067   0.68598741661955   0.71887786869270
     167.500000       0.57562250161112   0.49311145728717   0.75795789702920
     168.000000       0.78406434848890   0.10617164003068   0.79122014617812
     168.500000       0.73264875096601  -0.35480968405079   0.81404183196460
     169.000000       0.41373902053530  -0.71106132092016   0.82267136769323
     169.500000      -0.05499198540898  -0.81337804237335   0.81523490987220
     170.000000      -0.48435772390077  -0.62701378960607   0.79230593652862
     170.500000      -0.71528928453267  -0.24709534314647   0.75676605973836
     171.000000      -0.69365990974810   0.16501180687725   0.71301680681498
     171.500000      -0.47226384410200   0.46945202566710   0.66589664577090
     172.000000      -0.15816527921904   0.59920187062744   0.61972504977115
     172.500000       0.14524433103475   0.55918139476857   0.57773674623746
     173.000000       0.36945652882302   0.39648238851068   0.54193764501932
     173.500000       0.48422676984610   0.17016841437498   0.51325710310378
     174.000000       0.48736226938588  -0.06617234458451   0.49183407853540
     174.500000       0.39355324519725  -0.27008825095959   0.47731731595627
     175.000000       0.22744123245737  -0.41030007783122   0.46912223150266
     175.500000       0.02047595737448  -0.46618296084716   0.46663242259258
     176.000000      -0.19104611762578  -0.42871102806882   0.46935249509053
     176.500000      -0.36898652801038  -0.30231665320257   0.47701825610427
     177.000000      -0.47805298754945  -0.10599211663577   0.48966211584508
     177.500000      -0.49131905626964   0.12762815117256   0.50762521610477
     178.000000      -0.39534074100073   0.35525343897310   0.53150663909044
     178.500000      -0.19447636050797   0.52732295499873   0.56204141632536
     179.000000       0.08499287071441   0.59384776726770   0.59989912382093
     179.500000       0.39084981431151   0.51358646949181   0.64539494806854
     180.000000       0.64401929418994   0.26945051466112   0.69811491256100
     180.500000       0.74847738330844  -0.10982036453636   0.75649118024677
     181.000000       0.62161210100639  -0.53083980243918   0.81743042515632
     181.500000       0.24542795950488  -0.84110590654467   0.87618150478714
     182.000000      -0.28558570008544  -0.88156565658307   0.92666995147142
     182.500000      -0.76803604213417  -0.58001077150210   0.96244057326964
     183.000000      -0.97771771204036  -0.02709061726785   0.97809295365083
     183.500000      -0.80464123861373   0.54307550341690   0.97076182727246
     184.000000      -0.33142026096678   0.88072527126476   0.94101880577578
     184.500000       0.21816105105006   0.86568868503454   0.89275480597536
     185.000000       0.61853067682204   0.55658549200955   0.83208629846035
     185.500000       0.75591051524727   0.12260984764600   0.76578971121396
     186.000000       0.64734862920578  -0.26607841710244   0.69989854392072
     186.500000       0.38728890139907  -0.50810065335620   0.63887320110324
     187.000000       0.08255584132051  -0.57955077613685   0.58540120349805
     187.500000      -0.18598703430536  -0.50764183422135   0.54063981427686
     188.000000      -0.37242109802312  -0.34055261208542   0.50465191553282
     188.500000      -0.45929001781425  -0.12821343718784   0.47685008749012
     189.000000      -0.44823067481398   0.08575443220687   0.45636012149104
     189.500000      -0.35326993240171   0.26611499087060   0.44228591827591
     190.000000      -0.19704515272075   0.38656626689643   0.43388969901691
     190.500000      -0.00819031951909   0.43062800380821   0.43070588456355
     191.000000       0.18154856461533   0.39266149502756   0.43260019763191
     191.500000       0.34065347375794   0.27813812454702   0.43977904169012
     192.000000       0.44091141387287   0.10286478007789   0.45275162933317
     192.500000       0.45969920945077  -0.10813326314564   0.47224587427333
     193.000000       0.38209084003227  -0.32106369521953   0.49907444978138
     193.500000       0.20460924221213  -0.49317992437351   0.53393949076996
     194.000000      -0.05751501929197  -0.57428713943921   0.57716002630937
     194.500000      -0.36015143691269  -0.51485400044637   0.62831815132614
     195.000000      -0.62341458837874  -0.28593743614036   0.68586147755211
     195.500000      -0.74131056727479   0.09015600305147   0.74677269770626
     196.000000      -0.62095282032812   0.51463825787885   0.80649546901766
     196.500000      -0.24594057962396   0.82337771106156   0.85932393413587
     197.000000       0.27566438962892   0.85605527715988   0.89934503571363
     197.500000       0.73403964449412   0.55751850267255   0.92175977375414
     198.000000       0.92346228925487   0.03513579310377   0.92413046894520
     198.500000       0.76396401018762  -0.48892757763552   0.90702325495793
     199.000000       0.34323733734687  -0.80351662157391   0.87375673439151
     199.500000      -0.14883480807817  -0.81593378158636   0.82939721245582
     200.000000      -0.53038631449151  -0.57118802864861   0.77946482067594
     200.500000      -0.70213594975132  -0.19548351649809   0.72884065278746
     201.000000      -0.65774434175773   0.17701222571737   0.68114678826793
     201.500000      -0.45282289485635   0.45029898709236   0.63860610072445
     202.000000      -0.16688391883363   0.57864502626957   0.60222944862550
     202.500000       0.12313923605738   0.55874302081195   0.57215123417053
     203.000000       0.35607113359797   0.41653409429178   0.54798476611053
     203.500000       0.49167038264645   0.19555311609450   0.52913210674271
     204.000000       0.51233356142569  -0.05258621530935   0.51502523064767
     204.500000       0.42270191362924  -0.27684663053206   0.50529294931037
     205.000000       0.24664494431939  -0.43476295374551   0.49985253276125
     205.500000       0.02145597757405  -0.49846637801700   0.49892793967370
     206.000000      -0.20936201877072  -0.45736059107909   0.50300215225779
     206.500000      -0.40249818739493  -0.31760450165935   0.51271572077564
     207.000000      -0.51912275384780  -0.10029206665860   0.52872198005868
     207.500000      -0.52795006354670   0.15944465495929   0.55150146653844
     208.000000      -0.40992138533268   0.41192021336951   0.58113148627092
     208.500000      -0.16742349174076   0.59386485940498   0.61701385464410
     209.000000       0.16240118081048   0.63722600575158   0.65759495583128
     209.500000       0.49801485070147   0.49215281881284   0.70016654346279
     210.000000       0.72293742749847   0.16210633440626   0.74088932218837
     210.500000       0.72729268452887  -0.26824434552277   0.77518364138709
     211.000000       0.47188779297014  -0.64418221580833   0.79852915808877
     211.500000       0.03292738388352  -0.80683871097293   0.80751032075997
     212.000000      -0.41927149930197  -0.68220186426055   0.80074213934793
     212.500000      -0.70726006254990  -0.32718883124414   0.77927487279457
     213.000000      -0.73872216131461   0.10597949030785   0.74628552443636
     213.500000      -0.53845844605213   0.45693086712956   0.70620345188950
     214.000000      -0.21056851257069   0.62936535402862   0.66365642265995
     214.500000       0.12607331508262   0.60972336843264   0.62262112619856
     215.000000       0.38384043282826   0.44275439276189   0.58597348931819
     215.500000       0.51976798724202   0.19578995164181   0.55542098063138
     216.000000       0.52751914585823  -0.06638570255911   0.53167989500381
     216.500000       0.42390574286052  -0.29201399260294   0.51475066848528
     217.000000       0.23893782345942  -0.44398263102395   0.50419426824437
     217.500000       0.01064373631073  -0.49925564194840   0.49936908708886
     218.000000      -0.21802814804834  -0.44954028709052   0.49962260062853
     218.500000      -0.40323310000636  -0.30309195493929   0.50444193530044
     219.000000      -0.50638755072599  -0.08554292355431   0.51356201504831
     219.500000      -0.50141011588183   0.16229501097330   0.52702160761723
     220.000000      -0.38083510429041   0.39007502649452   0.54515493481632
     220.500000      -0.15921927092253   0.54575951860178   0.56851053497499
     221.000000       0.12617650635458   0.58422480803933   0.59769485281743
     221.500000       0.41682089810862   0.47657978283942   0.63314133533623
     222.000000       0.63743963282531   0.22144664558856   0.67480953041498
     222.500000       0.70774910831512  -0.14189806824925   0.72183368035422
     223.000000       0.56690994900312  -0.52428324270548   0.77217861201959
     223.500000       0.21055873905649  -0.79501130500120   0.82242200704552
     224.000000      -0.27548621061333  -0.82295173262937   0.86783766136057
     224.500000      -0.71786966592689  -0.54769447987757   0.90294302176070
     225.000000      -0.92158023472230  -0.04195745900841   0.92253485429942
     225.500000      -0.77916910360353   0.49476055352663   0.92298022586419
     226.000000      -0.34741211499509   0.83381212292294   0.90329277312432
     226.500000       0.17907507437583   0.84677944965145   0.86550754971561
     227.000000       0.58346308430523   0.56782087329613   0.81415582961603
     227.500000       0.74029127142752   0.14867834056834   0.75507378149816
     228.000000       0.65061670427037  -0.24169828090635   0.69406062766067
     228.500000       0.40077331093446  -0.49366680031556   0.63586646120956
     229.000000       0.09801006173100  -0.57543915538179   0.58372612905970
     229.500000      -0.17306016611262  -0.51086274994798   0.53937980160490
     230.000000      -0.36358939719721  -0.34812976482593   0.50338015744761
     230.500000      -0.45500676190181  -0.13805262931464   0.47548888718566
     231.000000      -0.44874641257082   0.07541877357361   0.45503992594335
     231.500000      -0.35845338878933   0.25727283617584   0.44122346284906
     232.000000      -0.20583543756790   0.38127796133734   0.43329102363230
     232.500000      -0.01845824085458   0.43030143486436   0.43069714591784
     233.000000       0.17244428169046   0.39738731207016   0.43319015002893
     233.500000       0.33495007037125   0.28664077396972   0.44085653328908
     234.000000       0.43980589450405   0.11311166456684   0.45411834746196
     234.500000       0.46339653711917  -0.09817116211588   0.47368125114387
     235.000000       0.39033954219572  -0.31315168849129   0.50042875437619
     235.500000       0.21699111528829  -0.48929513572422   0.53525215922725
     236.000000      -0.04231654446381  -0.57724945620806   0.57879843177730
     236.500000      -0.34610180008785  -0.52775590847410   0.63112023811107
     237.000000      -0.61826375974511  -0.30913126069650   0.69123962050361
     237.500000      -0.75402230143220   0.06362620149548   0.75670200513403
     238.000000      -0.65376928814207   0.50039555041372   0.82329216502505
     238.500000      -0.28580003733377   0.83774857773905   0.88515780561648
     239.000000       0.25509600960550   0.90009827691002   0.93554843926599
     239.500000       0.75372718739312   0.60763629363486   0.96815625720121
     240.000000       0.97709293083274   0.05599701249421   0.97869620459650
     240.500000       0.81719623424154  -0.51531206247841   0.96610362125100
     241.000000       0.35976973544824  -0.86063153662153   0.93280271460370
     241.500000      -0.17855420255886  -0.86570639563023   0.88392825878943
     242.000000      -0.58436466996794  -0.58361569498053   0.82588700615420
     242.500000      -0.74628607180969  -0.16763136658643   0.76488115157897
     243.000000      -0.66924391330787   0.22445916353573   0.70588195301679
     243.500000      -0.43046088719991   0.48998737305399   0.65221484279437
     244.000000      -0.12653026282318   0.59227586628735   0.60564066012491
     244.500000       0.16019680762999   0.54359401099145   0.56670756652846
     245.000000       0.37378501641165   0.38301304648420   0.53517682336866
     245.500000       0.48468361608538   0.15999386335185   0.51040791922917
     246.000000       0.48583263937992  -0.07547303451834   0.49165997643317
     246.500000       0.38850719047501  -0.27899421354804   0.47830493228073
     247.000000       0.21807067016863  -0.41630244166259   0.46996014737638
     247.500000       0.00897976187608  -0.46646230441982   0.46654873011080
     248.000000      -0.20073445612245  -0.42309164458010   0.46829569887868
     248.500000      -0.37433502129513  -0.29348722453518   0.47566948518209
     249.000000      -0.47961320883292  -0.09676701926436   0.48927771878997
     249.500000      -0.49088775964018   0.13727446123493   0.50972058058498
     250.000000      -0.39181457972773   0.36779948996372   0.53739662234218
     250.500000      -0.18167970407283   0.54264778748669   0.57225355930408
     251.000000       0.11387928261806   0.60282989928518   0.61349195470013
     251.500000       0.43193752518847   0.49806478022015   0.65927122716048
     252.000000       0.67283439142291   0.21558545413196   0.70652898476618
     252.500000       0.72701172956358  -0.18858803268730   0.75107356563515
     253.000000       0.53040233514230  -0.58288532952021   0.78808752337179
     253.500000       0.12077443185975  -0.80401913093689   0.81303949861219
     254.000000      -0.35429190124619  -0.74258561819356   0.82277345097940
     254.500000      -0.70345762008135  -0.41424430018898   0.81636447956142
     255.000000      -0.79416974868279   0.04352185972166   0.79536139081333
     255.500000      -0.61658250296857   0.44995922251200   0.76330680914727
     256.000000      -0.26837317930719   0.67324832912033   0.72476718747110
     256.500000       0.11269801467914   0.67494316428650   0.68428730627543
     257.000000       0.41293968589441   0.49629038697899   0.64561856571379
     257.500000       0.57152512849358   0.21706855943311   0.61135892239663
     258.000000       0.57734416067445  -0.08063273681649   0.58294761180693
     258.500000       0.45268487356551  -0.33113697532670   0.56087011971003
     259.000000       0.23813233162310  -0.49015521244816   0.54493957431476
     259.500000      -0.01693981841741  -0.53430605402450   0.53457451942199
     260.000000      -0.26039943535259  -0.46051901702514   0.52904218260338
     260.500000      -0.44339119546338  -0.28605988228122   0.52766088396355
     261.000000      -0.52786720695767  -0.04702441579723   0.52995762459122
     261.500000      -0.49420749675362   0.20690220872340   0.53577007551944
     262.000000      -0.34601526275375   0.42142926276266   0.54527899791870
     262.500000      -0.11014764470667   0.54800266638409   0.55896281271521
     263.000000       0.16749164340277   0.55265315703167   0.57747637405077
     263.500000       0.42827780679993   0.42229812313850   0.60146287051127
     264.000000       0.60807938467461   0.16967468142304   0.63130819381841
     264.500000       0.64692657381605  -0.16177829636006   0.66684796549329
     265.000000       0.50478505576980  -0.49509064306096   0.70705211786334
     265.500000       0.18481835511907  -0.72661408053462   0.74975052278747
     266.000000      -0.24369723183679  -0.75306935354989   0.79151866185262
     266.500000      -0.64339932693119  -0.52098082043329   0.82787904258705
     267.000000      -0.85040757934451  -0.07751544725941   0.85393307440948
     267.500000      -0.75639589429532   0.42041113531839   0.86537868682243
     268.000000      -0.38330106777109   0.76944873405816   0.85963426112397
     268.500000       0.11378534634932   0.82885422978171   0.83662801726386
     269.000000       0.53065504995209   0.59717712481862   0.79888378406768
     269.500000       0.72408152405523   0.19869090543177   0.75084760729421
     270.000000       0.66833521395460  -0.20048789073262   0.69775880685388
     270.500000       0.43430446482213  -0.47623575743121   0.64453150801223
     271.000000       0.12923892634582  -0.58079919654048   0.59500454349953
     271.500000      -0.15417166340920  -0.52968766150984   0.55166830664279
     272.000000      -0.35893816135024  -0.37037805809809   0.51576788344565
     272.500000      -0.46175527307474  -0.15664440624963   0.48760168398153
     273.000000      -0.46242373724060   0.06422537136770   0.46686251840438
     273.500000      -0.37450196410009   0.25475541817922   0.45293713052309
     274.000000      -0.22006256016933   0.38693846658842   0.44513919992973
     274.500000      -0.02731239926776   0.44203831774788   0.44288129505674
     275.000000       0.17123067419587   0.41160094686116   0.44579735670209
     275.500000       0.34150484631949   0.29887797166623   0.45382111234166
     276.000000       0.45169825723533   0.11942181666252   0.46721824224275
     276.500000       0.47625148354697  -0.09965628399301   0.48656638860487
     277.000000       0.39951065562189  -0.32129117536857   0.51267609981854
     277.500000       0.21960563409804  -0.50037357061239   0.54644335909131
     278.000000      -0.04605856733126  -0.58681440089857   0.58861917461679
     278.500000      -0.35335822566637  -0.53298486664976   0.63948018243237
     279.000000      -0.62577849568810  -0.31010464485252   0.69840075631744
     279.500000      -0.76059316680548   0.06514889389235   0.76337824423191
     280.000000      -0.66024869444137   0.50403848390452   0.83065223274744
     280.500000      -0.29161760873755   0.84579194348754   0.89465347559501
     281.000000       0.25499407651825   0.91361831297578   0.94853592492014
     281.500000       0.76533865010471   0.62068491045187   0.98538977435670
     282.000000       0.99827200015581   0.05695555159086   0.99989545511123
     282.500000       0.83437925647687  -0.53251231900566   0.98982731500584
     283.000000       0.35819837029470  -0.88714982281688   0.95673448804034
     283.500000      -0.20045044347721  -0.88299783350839   0.90546427553533
     284.000000      -0.61239915859962  -0.57898042565253   0.84276394247874
     284.500000      -0.76208742198828  -0.14415827598446   0.77560224811920
     285.000000      -0.66373523540355   0.25166573027115   0.70984512572048
     285.500000      -0.40822615051969   0.50529974894995   0.64959712611511
     286.000000      -0.10062526891200   0.58862311224852   0.59716213293941
     286.500000       0.17675361491823   0.52439633822652   0.55338355589234
     287.000000       0.37416827656060   0.35838813942126   0.51811577631082
     287.500000       0.46997284090551   0.14099442688680   0.49066679080811
     288.000000       0.46302983478282  -0.08149378620657   0.47014664211211
     288.500000       0.36680435725999  -0.27042683537810   0.45571494357496
     289.000000       0.20530113355175  -0.39677480807046   0.44674243559011
     289.500000       0.00945987885622  -0.44280089649263   0.44290193411482
     290.000000      -0.18678869026521  -0.40301681226727   0.44419879083702
     290.500000      -0.35041981895346  -0.28383100806015   0.45094799107194
     291.000000      -0.45230204471746  -0.10219751129662   0.46370407694005
     291.500000      -0.46912304663921   0.11556241322402   0.48314708344169
     292.000000      -0.38550021330966   0.33377925179965   0.50992058537946
     292.500000      -0.19853395918694   0.50691953306165   0.54441082460756
     293.000000       0.07355862663195   0.58182732974795   0.58645879070367
     293.500000       0.38058567957117   0.50833843370403   0.63502237966494
     294.000000       0.63573260663836   0.26266940242826   0.68785984191201
     294.500000       0.73143105078646  -0.12102312950860   0.74137573465190
     295.000000       0.58530450587486  -0.53179074681331   0.79081145856245
     295.500000       0.20181817535213  -0.80602458262353   0.83090685620947
     296.000000      -0.29557530055271  -0.80438460282817   0.85697103076116
     296.500000      -0.70620563661571  -0.50130741161737   0.86604591225310
     297.000000      -0.85755804208595  -0.01546806760759   0.85769753215327
     297.500000      -0.70053469828965   0.45270420191219   0.83408030664722
     298.000000      -0.32388218357234   0.73069376693376   0.79925781189265
     298.500000       0.11166907973134   0.74983604584941   0.75810558566938
     299.000000       0.45908676519495   0.54846532875127   0.71524462585846
     299.500000       0.63563749601659   0.22512500733143   0.67432654943152
     300.000000       0.62754655758677  -0.11366211885266   0.63775681823175
     300.500000       0.46899781385894  -0.38496920796466   0.60676209545867
     301.000000       0.21788725299475  -0.53929294882378   0.58164571662538
     301.500000      -0.06145366892299  -0.55873267826939   0.56210208965114
     302.000000      -0.30878614542159  -0.45213456447420   0.54751671024417
     302.500000      -0.47541835509175  -0.25016892549950   0.53722165224767
     303.000000      -0.53069471859763   0.00062350436338   0.53069508486993
     303.500000      -0.46672445885640   0.24623366823326   0.52769568869416
     304.000000      -0.29920269886021   0.43543366559346   0.52832256447874
     304.500000      -0.06338067388618   0.52921506974431   0.53299690418120
     305.000000       0.19327200001093   0.50676748849424   0.54237196957714
     305.500000       0.41879067459850   0.36751797742631   0.55718497185602
     306.000000       0.56298638462020   0.13115970576583   0.57806274545615
     306.500000       0.58321887246964  -0.16194767618247   0.60528613318468
     307.000000       0.45297091465006  -0.45002453818358   0.63851760702916
     307.500000       0.17594467787220  -0.65323647009642   0.67651638231131
     308.000000      -0.19710000273329  -0.68928378576052   0.71691041866458
     308.500000      -0.56131321219705  -0.50664673441935   0.75615040546492
     309.000000      -0.77956045481618  -0.12673044752755   0.78979434604443
     309.500000      -0.74120966939912   0.33453121105758   0.81320532781236
     310.000000      -0.43291376223466   0.69942950902101   0.82256669250678
     310.500000       0.03286351832980   0.81523669475711   0.81589881683669
     311.000000       0.46811782809528   0.64090378005358   0.79365732924708
     311.500000       0.71027937965703   0.26649712291131   0.75862870607827
     312.000000       0.69975781229165  -0.14765434997192   0.71516627642026
     312.500000       0.48534052972546  -0.45914836877007   0.66811125895198
     313.000000       0.17300417249677  -0.59727186331865   0.62182322440822
     313.500000      -0.13274273925285  -0.56418804391055   0.57959363671107
     314.000000      -0.36153367753146  -0.40579351462889   0.54348410878726
     314.500000      -0.48153752779609  -0.18110649033556   0.51446861081862
     315.000000      -0.48954351897260   0.05582723324344   0.49271648738366
     315.500000      -0.39966296205199   0.26201482030713   0.47789355435782
     316.000000      -0.23617963188471   0.40567920232039   0.46942138182288
     316.500000      -0.03028302375985   0.46569770838016   0.46668128001728
     317.000000       0.18188986317933   0.43247648008010   0.46916929583027
     317.500000       0.36218499637437   0.30980262405217   0.47660847397871
     318.000000       0.47505521247035   0.11601611798006   0.48901655854011
     318.500000       0.49307419271924  -0.11680675343470   0.50672080791466
     319.000000       0.40209132475068  -0.34576223689301   0.53031024683766
     319.500000       0.20557902148785  -0.52145626762881   0.56051705872816
     320.000000      -0.07125554580254  -0.59375869407080   0.59801901273478
     320.500000      -0.37742740324395  -0.52076542881172   0.64315478429762
     321.000000      -0.63498805405798  -0.28387349207644   0.69555300897920
     321.500000      -0.74822698775935   0.09073561879829   0.75370854959336
     322.000000      -0.63295800465930   0.51278211473269   0.81460501646627
     322.500000      -0.26704758620847   0.83174723154146   0.87356617979215
     323.000000       0.26064695125078   0.88706380663125   0.92456423802322
     323.500000       0.75045770442664   0.60049319689533   0.96113414550253
     324.000000       0.97626042217481   0.05473382480544   0.97779353827011
     324.500000       0.82032889031753  -0.52051819879415   0.97153419063123
     325.000000       0.35657174035699  -0.87273041091930   0.94276284195156
     325.500000      -0.19493046664011  -0.87375413720790   0.89523414764656
     326.000000      -0.60563745786779  -0.57482004882257   0.83499390351124
     326.500000      -0.75549902761141  -0.14250318711938   0.76882113593538
     327.000000      -0.65642519483924   0.25108273433408   0.70280621504111
     327.500000      -0.40085482956374   0.50082456099092   0.64149032360303
     328.000000      -0.09613870323663   0.57972196020987   0.58763951654870
     328.500000       0.17529940475040   0.51336805677813   0.54247271178005
     329.000000       0.36602841962214   0.34950507471289   0.50609347083433
     329.500000       0.45751086877985   0.13822702988310   0.47793609075063
     330.000000       0.45068862396524  -0.07648951020986   0.45713332950445
     330.500000       0.35912220978445  -0.25901793805860   0.44278556186556
     331.000000       0.20511206044648  -0.38263629825721   0.43414455436476
     331.500000       0.01707322235620  -0.43039174479146   0.43073025074432
     332.000000      -0.17332101170659  -0.39613508304662   0.43239238790635
     332.500000      -0.33447048259648  -0.28483936754029   0.43932216997219
     333.000000      -0.43795569365495  -0.11186488832334   0.45201652939288
     333.500000      -0.46085683050905   0.09816699680750   0.47119611361837
     334.000000      -0.38783603812595   0.31186913767574   0.49767374001834
     334.500000      -0.21476566682233   0.48690075542367   0.53216222834562
     335.000000       0.04419207255428   0.57330501772555   0.57500572399406
     335.500000       0.34644538369427   0.52118902782785   0.62582937499865
     336.000000       0.61372192733982   0.30004740591382   0.68314204225279
     336.500000       0.74061700864674  -0.07085714964745   0.74399885023634
     337.000000       0.63234383694553  -0.49639953373196   0.80390996088636
     337.500000       0.26760473337820  -0.81436353581243   0.85720491236771
     338.000000      -0.25144285248731  -0.86202803925123   0.89795091654404
     338.500000      -0.71779571184454  -0.57749364515529   0.92126521378871
     339.000000      -0.92257207107235  -0.06087921553999   0.92457855545512
     339.500000      -0.77823610358274   0.46838627144628   0.90831554660206
     340.000000      -0.36557371521084   0.79572641041392   0.87568525252129
     340.500000       0.12773648274462   0.82183479294801   0.83170249243577
     341.000000       0.51729841511319   0.58631257179828   0.78189518615178
     341.500000       0.69935967453459   0.21340083376779   0.73119345608253
     342.000000       0.66386190565035  -0.16175997498637   0.68328538640989
     342.500000       0.46450933032339  -0.44092693709083   0.64045724432610
     343.000000       0.18045304263733  -0.57617247925156   0.60376984559016
     343.500000      -0.11086654368489  -0.56257045176641   0.57339070772842
     344.000000      -0.34740891398258  -0.42503352786207   0.54895031953852
     344.500000      -0.48794554596672  -0.20653136291662   0.52985475339658
     345.000000      -0.51385730512669   0.04149769390358   0.51553020147357
     345.500000      -0.42883275602721   0.26781937263216   0.50559346217982
     346.000000      -0.25598038568222   0.42944288227195   0.49994714419432
     346.500000      -0.03213331658564   0.49776515040727   0.49880125801241
     347.000000       0.19934598462621   0.46140706741597   0.50262839498779
     347.500000       0.39504301437066   0.32580832823996   0.51206449784532
     348.000000       0.51587228928876   0.11141218342684   0.52776594572970
     348.500000       0.53014126374249  -0.14730521901323   0.55022594183755
     349.000000       0.41808165086102  -0.40134978802080   0.57954630456161
     349.500000       0.18082436639996  -0.58799048797800   0.61516685983280
     350.000000      -0.14638031601695  -0.63903344394970   0.65558442583960
     350.500000      -0.48405936126629  -0.50308608407069   0.69814688512885
     351.000000      -0.71671362862575  -0.18037489896810   0.73906260197337
     351.500000      -0.73283255475017   0.24835250304430   0.77377161945243
     352.000000      -0.48863184387232   0.63056237608245   0.79772801691856
     352.500000      -0.05484641023186   0.80557600410695   0.80744091245629
     353.000000       0.40098511079657   0.69388597180416   0.80141549831978
     353.500000       0.69945159862480   0.34653504455724   0.78058892890245
     354.000000       0.74299309418851  -0.08687338231015   0.74805462538896
     354.500000       0.55142389763009  -0.44439691255610   0.70820684179620
     355.000000       0.22662484138126  -0.62592214531616   0.66568562454680
     355.500000      -0.11192634053395  -0.61439978229794   0.62451148763900
     356.000000      -0.37461847658009  -0.45271786668771   0.58761592031995
     356.500000      -0.51650079954835  -0.20786267609842   0.55675844676923
     357.000000      -0.52985794703333   0.05491473867657   0.53269604143291
     357.500000      -0.43071125371927   0.28316632046804   0.51545644736275
     358.000000      -0.24862607657845   0.43911506161222   0.50461565898166
     358.500000      -0.02135228483169   0.49908032684396   0.49953687822843
     359.000000       0.20829899642974   0.45406601801966   0.49956423073901
     359.500000       0.39639505095225   0.31155050046304   0.50417531748214
     360.000000       0.50395238509418   0.09641051028092   0.51309160286906
     360.500000       0.50417682804575  -0.15111780201205   0.52633721512280
     361.000000       0.38867348079801  -0.38095054605205   0.54423376706430
     361.500000       0.17098450343723  -0.54094294592634   0.56732263410086
     362.000000      -0.11262864583923  -0.58547717449128   0.59621198722759
     362.500000      -0.40453128288787  -0.48472301871001   0.63134931987154
     363.000000      -0.63004505499298  -0.23579739140884   0.67272370340008
     363.500000      -0.70872813465025   0.12412830648325   0.71951609107457
     364.000000      -0.57815947864280   0.50818421241180   0.76975293210817
     364.500000      -0.23056505896825   0.78700014069402   0.82007894002312
     365.000000       0.25272215479163   0.82811789451867   0.86582199945748
     365.500000       0.70146834087156   0.56628131313827   0.90151669915465
     366.000000       0.91944341799649   0.06752973999400   0.92191998822063
     366.500000       0.79296186115438  -0.47296160021245   0.92329907858772
     367.000000       0.37094507131455  -0.82496846346334   0.90452927627668
     367.500000      -0.15622172779569  -0.85332687474416   0.86750906819244
     368.000000      -0.56987706133168  -0.58497726970864   0.81667513192689
     368.500000      -0.73889688044443  -0.16834729858327   0.75783204793067
     369.000000      -0.65902238754966   0.22633542440056   0.69680573449867
     369.500000      -0.41411620296661   0.48587404316999   0.63840881524760
     370.000000      -0.11166357913351   0.57521044426196   0.58594864117340
     370.500000       0.16219276444869   0.51635511028696   0.54122924233541
     371.000000       0.35700161335648   0.35696413728981   0.50485002451242
     371.500000       0.45303290579502   0.14802037726397   0.47660134894737
     372.000000       0.45100795889372  -0.06613097406358   0.45583054386041
     372.500000       0.36412884996992  -0.25007048221034   0.44172962935865
     373.000000       0.21378958435196  -0.37716601425504   0.43354375636885
     373.500000       0.02733095693641  -0.42984760107465   0.43071561540847
     374.000000      -0.16412031221856  -0.40066812198231   0.43297854549105
     374.500000      -0.32859753805807  -0.29322106291929   0.44040314912287
     375.000000      -0.43665359968580  -0.12207531118601   0.45339689866576
     375.500000      -0.46435813889261   0.08816901068758   0.47265447802960
     376.000000      -0.39589084908655   0.30385177458640   0.49905457147468
     376.500000      -0.22696415102708   0.48280644945466   0.53349301165662
     377.000000       0.02909205933623   0.57590051919806   0.57663485493770
     377.500000       0.33224001509778   0.53358762306714   0.62856915222004
     378.000000       0.60798664543104   0.32282099863184   0.68837573909904
     378.500000       0.75237703039377  -0.04424110924226   0.75367663597270
     379.000000       0.66435857501897  -0.48123168233638   0.82033910566640
     379.500000       0.30760547933600  -0.82723443755427   0.88257461191293
     380.000000      -0.22944761133280  -0.90501433688867   0.93364723333836
     380.500000      -0.73553275305943  -0.62805455678923   0.96719230617645
     381.000000      -0.97521704088227  -0.08365568948735   0.97879852431988
     381.500000      -0.83233013305246   0.49272247547408   0.96723776199259
     382.000000      -0.38420889055132   0.85217580769682   0.93478343952084
     382.500000       0.15564338047605   0.87270472076954   0.88647526279048
     383.000000       0.57088973468687   0.60068654486091   0.82869742026133
     383.500000       0.74455510572266   0.18704617146016   0.76769041658443
     384.000000       0.67699812060055  -0.20890637812642   0.70849723367037
     384.500000       0.44341758766927  -0.48143394595608   0.65452104731115
     385.000000       0.14046431644357  -0.59112914541578   0.60758858675419
     385.500000      -0.14845863890302  -0.54856080795691   0.56829475405926
     386.000000      -0.36617067610709  -0.39201309240839   0.53642821389288
     386.500000      -0.48201486245212  -0.17073473289082   0.51135963532531
     387.000000      -0.48801574465692   0.06516400515915   0.49234714846481
     387.500000      -0.39470962904388   0.27094137562993   0.47875350681556
     388.000000      -0.22691848804535   0.41180025089556   0.47018235489482
     388.500000      -0.01879704963547   0.46616302385796   0.46654184580528
     389.000000       0.19168000598715   0.42699371134382   0.46804364563832
     389.500000       0.36764210265627   0.30100453514894   0.47514676240689
     390.000000       0.47663503312367   0.10680639843539   0.48845528101101
     390.500000       0.49264172777433  -0.12629854473863   0.50857368625163
     391.000000       0.39879313222227  -0.35800698422906   0.53591507075695
     391.500000       0.19345404782323  -0.53665069386637   0.57045458701500
     392.000000      -0.09922166473564  -0.60333035154749   0.61143474864561
     392.500000      -0.41816702250140  -0.50682983706451   0.65706935893140
     393.000000      -0.66508048369131  -0.23191063271073   0.70435402416068
     393.500000      -0.72982167164858   0.16903888407969   0.74914205377808
     394.000000      -0.54482348266833   0.56740609933127   0.78662717269693
     394.500000      -0.14243711493717   0.79965302797230   0.81223967944006
     395.000000       0.33389319136708   0.75193727326015   0.82273587873582
     395.500000       0.69257816369809   0.43352800904746   0.81707468903404
     396.000000       0.79638014432488  -0.02236852929489   0.79669422326118
     396.500000       0.62953421780486  -0.43475048863578   0.76506295084537
     397.000000       0.28608340907372  -0.66804477366434   0.72672383789682
     397.500000      -0.09640255821195  -0.67943816787624   0.68624316185797
     398.000000      -0.40215682057197  -0.50736944403794   0.64742093036596
     398.500000      -0.56779815132734  -0.23079396760433   0.61291157284986
     399.000000      -0.58026643864395   0.06772362352892   0.58420512579095
     399.500000      -0.46071151513774   0.32154797611588   0.56182577470665
     400.000000      -0.24915849719050   0.48539917580995   0.54561187358709
