#    time[fs]         Re(autocorrel)     Im(autocorrel)     Abs(autocorrel)
     0.00000000       1.00000000000000   0.00000000000000   1.00000000000000
    0.500000000       0.90107280433512  -0.39874144673595   0.98535625032647
     1.00000000       0.64066689856392  -0.69330875864872   0.94399740981347
     1.50000000       0.30566850266361  -0.82817914615095   0.88278759146237
     2.00000000      -0.01401602815361  -0.81064066743337   0.81076182738337
     2.50000000      -0.26186725726255  -0.68862787788471   0.73673795519588
     3.00000000      -0.42195682830172  -0.51730564651036   0.66757224093123
     3.50000000      -0.50514358173564  -0.33736071475398   0.60743912454503
     4.00000000      -0.53139382687209  -0.17021954829649   0.55799112345988
     4.50000000      -0.51848415026539  -0.02330144148056   0.51900748670081
     5.00000000      -0.47825834234437   0.10269180536342   0.48915912432539
     5.50000000      -0.41746490257600   0.20855872028229   0.46666228119334
     6.00000000      -0.34016306901009   0.29420645113650   0.44974253680156
     6.50000000      -0.24991650791149   0.35839216832540   0.43692471576195
     7.00000000      -0.15100472939745   0.39961713265054   0.42719583449307
     7.50000000      -0.04850038280258   0.41727167743031   0.42008087306792
     8.00000000       0.05251201929282   0.41232457649959   0.41565498740635
     8.50000000       0.14801439086045   0.38717941271475   0.41450712603275
     9.00000000       0.23581147991301   0.34472896984655   0.41766627432703
     9.50000000       0.31551530400844   0.28695721100260   0.42649073613612
     10.0000000       0.38754123530129   0.21357861510408   0.44249749591227
     10.5000000       0.45106344178211   0.12128804511306   0.46708566494774
     11.0000000       0.50109540544350   0.00441333495821   0.50111484001378
     11.5000000       0.52552034695819  -0.14197454189960   0.54436054744503
     12.0000000       0.50422465305683  -0.31583782239952   0.59497565564345
     12.5000000       0.41367425448259  -0.50032264783043   0.64919114346530
     13.0000000       0.23894315102854  -0.65957939681468   0.70152605805192
     13.5000000      -0.01068074406012  -0.74559843768463   0.74567493492234
     14.0000000      -0.29376019722230  -0.71821112395323   0.77596538069829
     14.5000000      -0.54726931378556  -0.56823577675217   0.78892052818548
     15.0000000      -0.71316747276644  -0.32628957833668   0.78426572865528
     15.5000000      -0.76334188710082  -0.04884625454138   0.76490312666726
     16.0000000      -0.70585766754691   0.20804747467027   0.73587960873464
     16.5000000      -0.57192063306217   0.40854520478597   0.70285303931607
     17.0000000      -0.39691351279016   0.54065162276099   0.67070449068835
     17.5000000      -0.20811704342786   0.60809945845429   0.64272673441950
     18.0000000      -0.02225928717667   0.62006237589921   0.62046178437627
     18.5000000       0.15096929298220   0.58482402714394   0.60399575341918
     19.0000000       0.30431513914630   0.50831214841420   0.59244319908249
     19.5000000       0.43008885962974   0.39569578574966   0.58442414566618
     20.0000000       0.51976712764428   0.25386946410621   0.57845273945687
     20.5000000       0.56561403303104   0.09315857271352   0.57323446689087
     21.0000000       0.56321005699362  -0.07273308585032   0.56788702228178
     21.5000000       0.51347245693233  -0.22865850632810   0.56208422548967
     22.0000000       0.42299303801364  -0.36101875159227   0.55610938601074
     22.5000000       0.30238832230997  -0.46038623254966   0.55081229161186
     23.0000000       0.16341830072130  -0.52252629163527   0.54748448969879
     23.5000000       0.01621527216329  -0.54743834664533   0.54767844437143
     24.0000000      -0.13218732256894  -0.53695085748038   0.55298255993915
     24.5000000      -0.27739820257320  -0.49190989723996   0.56473454807854
     25.0000000      -0.41520618733684  -0.41017369459738   0.58364255991357
     25.5000000      -0.53761487757532  -0.28678554968515   0.60932397630369
     26.0000000      -0.62895288903733  -0.11770765356960   0.63987250944017
     26.5000000      -0.66525639505494   0.09263260313258   0.67167467595899
     27.0000000      -0.62071360361555   0.32300164666178   0.69972526141309
     27.5000000      -0.48165415496765   0.53323703531332   0.71856277445143
     28.0000000      -0.26102670473110   0.67494579065737   0.72366204882450
     28.5000000      -0.00109185026971   0.71280600506375   0.71280684129149
     29.0000000       0.24191447883520   0.64283135013702   0.68684405783926
     29.5000000       0.42234460654053   0.49336772459183   0.64945105923603
     30.0000000       0.52168300567515   0.30840819653487   0.60602704073346
     30.5000000       0.54775109077630   0.12674755682650   0.56222433299183
     31.0000000       0.52186888653293  -0.02958230965174   0.52270665556835
     31.5000000       0.46541627281408  -0.15479742547522   0.49048399559405
     32.0000000       0.39273549647569  -0.25240574635099   0.46685097299139
     32.5000000       0.31043909568482  -0.32816699504735   0.45173665864972
     33.0000000       0.22002834932395  -0.38589020109714   0.44421134813173
     33.5000000       0.12112285669912  -0.42607165255507   0.44295349589540
     34.0000000       0.01401080049566  -0.44637079955574   0.44659063271251
     34.5000000      -0.09885381903475  -0.44302690134995   0.45392170344399
     35.0000000      -0.21245678118877  -0.41257600838551   0.46406556279088
     35.5000000      -0.31982741711678  -0.35331032145387   0.47656873584555
     36.0000000      -0.41328016077997  -0.26598716955158   0.49147702454986
     36.5000000      -0.48565326161883  -0.15357253727847   0.50935607852185
     37.0000000      -0.53085435474043  -0.02029193718721   0.53124204338671
     37.5000000      -0.54333709419774   0.12927991281388   0.55850558975574
     38.0000000      -0.51671088852594   0.29016574598023   0.59260973875016
     38.5000000      -0.44236467535864   0.45519486865992   0.63473527904117
     39.0000000      -0.30969710805655   0.61128115462796   0.68525684873767
     39.5000000      -0.11006625321602   0.73490963580427   0.74310615183497
     40.0000000       0.15405251754198   0.79029452583290   0.80516930873107
     40.5000000       0.45662583857791   0.73583415218441   0.86600176441964
     41.0000000       0.74060892127767   0.54278340023670   0.91821315273121
     41.5000000       0.92784812778260   0.22074571201523   0.95374567763256
     42.0000000       0.95111790475159  -0.16822081625133   0.96587965697561
     42.5000000       0.79270557297644  -0.52591143645944   0.95129646505532
     43.0000000       0.49976250779478  -0.76201153197692   0.91127610473617
     43.5000000       0.16074408954491  -0.83609588882896   0.85140765655490
     44.0000000      -0.13963457008615  -0.76733148835050   0.77993296261752
     44.5000000      -0.35355712353098  -0.61052694896129   0.70551101692850
     45.0000000      -0.47439416699288  -0.42260223242671   0.63532863348735
     45.5000000      -0.52062043410093  -0.24196770386359   0.57410278358188
     46.0000000      -0.51695823321177  -0.08558761074401   0.52399528051148
     46.5000000      -0.48312953821521   0.04398547059233   0.48512768661381
     47.0000000      -0.43088305687831   0.15022662733127   0.45632033514202
     47.5000000      -0.36567440554593   0.23703976013257   0.43578161819320
     48.0000000      -0.28966676173867   0.30636085974090   0.42162045637913
     48.5000000      -0.20430472698414   0.35797380477978   0.41217188935756
     49.0000000      -0.11184686480214   0.39048075061476   0.40618337948116
     49.5000000      -0.01577112755000   0.40260506235909   0.40291384277705
     50.0000000       0.07974772523346   0.39419101767212   0.40217689900502
     50.5000000       0.17084922526590   0.36647289005533   0.40434123821281
     51.0000000       0.25490682553890   0.32150118716542   0.41029319157779
     51.5000000       0.33083061154370   0.26095291653600   0.42136126801478
     52.0000000       0.39842480118534   0.18477940964189   0.43918760504730
     52.5000000       0.45667096292366   0.09026942466532   0.46550718298113
     53.0000000       0.50101666652593  -0.02770970091282   0.50178235088675
     53.5000000       0.52026628017848  -0.17424023323430   0.54866807923215
     54.0000000       0.49486438348844  -0.34868183765539   0.60536747679086
     54.5000000       0.39990539531156  -0.53639035036008   0.66905824347265
     55.0000000       0.21611396370783  -0.70217307129580   0.73467834278851
     55.5000000      -0.05266187535066  -0.79362963845298   0.79537492803486
     56.0000000      -0.36580017447404  -0.76033274706904   0.84375094305772
     56.5000000      -0.65102653826635  -0.58263289984868   0.87366850092764
     57.0000000      -0.83285322436237  -0.29019309492383   0.88196174841784
     57.5000000      -0.86801590014876   0.04717402001493   0.86929683714795
     58.0000000      -0.76249297605964   0.35189082426661   0.83977538112482
     58.5000000      -0.56010658461926   0.57052348708369   0.79951012216731
     59.0000000      -0.31589490587204   0.68558661878073   0.75486330113942
     59.5000000      -0.07435799858731   0.70714971915902   0.71104840711486
     60.0000000       0.13810495345790   0.65709382531558   0.67145012728978
     60.5000000       0.30986262199924   0.55726420934550   0.63761919946760
     61.0000000       0.43729297070776   0.42482876047722   0.60967583022376
     61.5000000       0.51962406891573   0.27271796620382   0.58684262122556
     62.0000000       0.55680358327428   0.11187975975337   0.56793248805606
     62.5000000       0.54973070558471  -0.04691870481727   0.55172929369791
     63.0000000       0.50150313257749  -0.19272787002675   0.53726103885363
     63.5000000       0.41837132081302  -0.31546555514947   0.52397812794486
     64.0000000       0.30953898142813  -0.40763687734865   0.51184197248577
     64.5000000       0.18568504684464  -0.46567226923889   0.50132783581185
     65.0000000       0.05681876577429  -0.49007310026617   0.49335587130246
     65.5000000      -0.06957745901865  -0.48419969306003   0.48917314476872
     66.0000000      -0.18934129508219  -0.45215840975692   0.49020133979550
     66.5000000      -0.30101492067904  -0.39652540080164   0.49783770041281
     67.0000000      -0.40381375040421  -0.31666722855037   0.51317022385684
     67.5000000      -0.49440973726078  -0.20850430559610   0.53657714613127
     68.0000000      -0.56330573611819  -0.06678306705119   0.56725067685145
     68.5000000      -0.59279870122761   0.10933966953725   0.60279802878880
     69.0000000      -0.55980035451096   0.30846575484726   0.63916160618742
     69.5000000      -0.44587276548346   0.50154836707579   0.67108366655452
     70.0000000      -0.25164362806647   0.64587889012467   0.69316957251104
     70.5000000      -0.00582927691687   0.70128032634460   0.70130455337704
     71.0000000       0.24124863740705   0.65061172033249   0.69389949970061
     71.5000000       0.43870649144549   0.50957313931542   0.67240476645261
     72.0000000       0.55654277888848   0.31770527868957   0.64084047066343
     72.5000000       0.59293789979743   0.11804208117353   0.60457363980243
     73.0000000       0.56577104784502  -0.05954877144383   0.56889624252593
     73.5000000       0.49819548957213  -0.20292310709941   0.53793729488193
     74.0000000       0.40827973055316  -0.31253438107277   0.51416930843167
     74.5000000       0.30588186264137  -0.39358037379370   0.49846687405338
     75.0000000       0.19454003089250  -0.45026766528616   0.49049647707390
     75.5000000       0.07508138577294  -0.48339736504677   0.48919344540145
     76.0000000      -0.05111777543456  -0.49051124636663   0.49316762847689
     76.5000000      -0.18003848606015  -0.46752578631241   0.50099323082240
     77.0000000      -0.30433710752757  -0.41099887371171   0.51141093966647
     77.5000000      -0.41407931985371  -0.32026813220754   0.52348195731870
     78.0000000      -0.49856435155402  -0.19871810780243   0.53670783393673
     78.5000000      -0.54847995774526  -0.05369795031577   0.55110228988488
     79.0000000      -0.55743033570101   0.10477763602099   0.56719214748610
     79.5000000      -0.52219803802422   0.26575651199797   0.58593285842805
     80.0000000      -0.44182783108264   0.41845236934200   0.60853448359738
     80.5000000      -0.31636514907583   0.55195551185765   0.63619320541783
     81.0000000      -0.14654447369920   0.65348624230305   0.66971602314051
     81.5000000       0.06421581539905   0.70612337396867   0.70903729818132
     82.0000000       0.30479048315169   0.68821346609861   0.75268520215247
     82.5000000       0.54958996050471   0.57770624157958   0.79736668242884
     83.0000000       0.75491442640067   0.36367404267107   0.83794665731213
     83.5000000       0.86587199557320   0.06205314149355   0.86809268231401
     84.0000000       0.83755416871691  -0.27531579123675   0.88164378886226
     84.5000000       0.66182487715537  -0.57140887604298   0.87436849877064
     85.0000000       0.37983616207533  -0.75528963784624   0.84542175691072
     85.5000000       0.06629568555108  -0.79504007978482   0.79779937727911
     86.0000000      -0.20563384242880  -0.70828597587673   0.73753257607761
     86.5000000      -0.39359269650497  -0.54467253823604   0.67199954215055
     87.0000000      -0.49226080314130  -0.35703930980906   0.60810999585457
     87.5000000      -0.52025937640965  -0.18154260227144   0.55102407858608
     88.0000000      -0.50254082528141  -0.03366214042857   0.50366697407389
     88.5000000      -0.45902104486680   0.08551364771938   0.46691851920532
     89.0000000      -0.40126115429253   0.18095644826196   0.44017695318105
     89.5000000      -0.33405010490118   0.25787333551683   0.42200489304635
     90.0000000      -0.25850088171152   0.31910509324097   0.41067111704862
     90.5000000      -0.17479938547655   0.36480759546230   0.40452367899786
     91.0000000      -0.08397105941961   0.39335328549138   0.40221629259257
     91.5000000       0.01142844262992   0.40267804529700   0.40284018849310
     92.0000000       0.10757788907776   0.39148985702876   0.40600161375890
     92.5000000       0.20029215035152   0.35987850746539   0.41186100280065
     93.0000000       0.28604237957923   0.30908574919042   0.42113447171652
     93.5000000       0.36251249761149   0.24053185919634   0.43505273957644
     94.0000000       0.42824267291070   0.15451398526091   0.45526515190920
     94.5000000       0.48114897866413   0.04920439875941   0.48365836344140
     95.0000000       0.51598956033269  -0.07923895008952   0.52203834876723
     95.5000000       0.52135741479439  -0.23440110985731   0.57162700624045
     96.0000000       0.47788024706076  -0.41416681479852   0.63237938060251
     96.5000000       0.36089413966017  -0.60241118902102   0.70224199582392
     97.0000000       0.15127301333037  -0.76174417332915   0.77661941139979
     97.5000000      -0.14591989489680  -0.83578065032824   0.84842319109616
     98.0000000      -0.48485209651455  -0.76892373954481   0.90902435211062
     98.5000000      -0.78194826030422  -0.53969044053155   0.95010991648016
     99.0000000      -0.94789914955791  -0.18572271722994   0.96592221499865
     99.5000000      -0.93288672509189   0.20415030656560   0.95496334459679
     100.000000      -0.75174857090334   0.53097204976822   0.92035712171433
     100.500000      -0.47027595196028   0.73041023698641   0.86871087554301
     101.000000      -0.16700131671090   0.79062641861812   0.80807151515203
     101.500000       0.09966596459436   0.73920969231081   0.74589829984037
     102.000000       0.30236708727646   0.61770874667307   0.68774264894979
     102.500000       0.43785107001903   0.46241979235416   0.63682464138699
     103.000000       0.51451691176140   0.29742075557007   0.59429517777983
     103.500000       0.54301811850023   0.13617175789050   0.55983160384755
     104.000000       0.53209342365670  -0.01399225618842   0.53227736635325
     104.500000       0.48821512334270  -0.14806096199125   0.51017257386722
     105.000000       0.41693327159760  -0.26146476693310   0.49213532418681
     105.500000       0.32429154788315  -0.34995491904307   0.47710947736436
     106.000000       0.21740147034728  -0.41048951346947   0.46450515602904
     106.500000       0.10394286743086  -0.44219972970260   0.45425182513535
     107.000000      -0.00905600069740  -0.44668881930016   0.44678060884107
     107.500000      -0.11647495883465  -0.42736684458921   0.44295466572740
     108.000000      -0.21574520951399  -0.38801694255574   0.44396299748801
     108.500000      -0.30650475086442  -0.33107872328182   0.45117433804726
     109.000000      -0.38915226975720  -0.25620550581812   0.46591925294916
     109.500000      -0.46234181841721  -0.15972815016071   0.48915543440822
     110.000000      -0.51976674853634  -0.03590882290762   0.52100567794090
     110.500000      -0.54746483078047   0.11900266867481   0.56024938740994
     111.000000      -0.52428242506355   0.29982535265072   0.60395968683567
     111.500000      -0.42863451291498   0.48536666863387   0.64754022939320
     112.000000      -0.25174517630553   0.63745050438851   0.68536032810359
     112.500000      -0.01076417719340   0.71189370584646   0.71197508097858
     113.000000       0.24966652788681   0.67915938870950   0.72359577833160
     113.500000       0.47324581962818   0.54159841920535   0.71922906885170
     114.000000       0.61659084393253   0.33340187920339   0.70095726109213
     114.500000       0.66531761523542   0.10288231778642   0.67322529695166
     115.000000       0.63214557976177  -0.10905859585910   0.64148406943828
     115.500000       0.54268638116808  -0.28026938885234   0.61078591882342
     116.000000       0.42120742274604  -0.40570960767857   0.58482132206261
     116.500000       0.28380057127129  -0.48921642571621   0.56557534904242
     117.000000       0.13875029150742  -0.53582000938702   0.55349320307742
     117.500000      -0.00964424587395  -0.54782225037513   0.54790713582189
     118.000000      -0.15706113965480  -0.52448801787886   0.54749966437265
     118.500000      -0.29660821239101  -0.46398250845434   0.55068702527786
     119.000000      -0.41827315859022  -0.36617347755544   0.55590957075957
     119.500000      -0.51031703286859  -0.23507922841349   0.56185916177213
     120.000000      -0.56200974197154  -0.07990926710454   0.56766225965806
     120.500000      -0.56653717313247   0.08586990932740   0.57300786196074
     121.000000      -0.52272936669309   0.24710965066564   0.57819475114831
     121.500000      -0.43481247181515   0.38998783318988   0.58408252471901
     122.000000      -0.31044114838126   0.50401668048925   0.59195145140432
     122.500000      -0.15815928238661   0.58218412004767   0.60328493122299
     123.000000       0.01429160677116   0.61931123984600   0.61947611884857
     123.500000       0.19968324116171   0.60957111982053   0.64144395462121
     124.000000       0.38853818979196   0.54480505335906   0.66915952589229
     124.500000       0.56456755272990   0.41579684764243   0.70115871249298
     125.000000       0.70101007630488   0.21836271422102   0.73423252586831
     125.500000       0.76269137690878  -0.03645943601992   0.76356232678538
     126.000000       0.71783481356202  -0.31398254011480   0.78349974796331
     126.500000       0.55692511277726  -0.55879490754928   0.78893430014481
     127.000000       0.30636068228648  -0.71387266773516   0.77683399345700
     127.500000       0.02323406677757  -0.74695340324668   0.74731466497107
     128.000000      -0.22902522656293  -0.66540659205317   0.70371761889981
     128.500000      -0.40760381454532  -0.50842799069868   0.65164399126961
     129.000000      -0.50179678864293  -0.32417777632488   0.59740375606059
     129.500000      -0.52574765124677  -0.14931816110324   0.54654048891802
     130.000000      -0.50290975048594  -0.00154133043011   0.50291211243449
     130.500000      -0.45370746526887   0.11660349389854   0.46845153306404
     131.000000      -0.39063399056193   0.20988391008589   0.44344804689533
     131.500000      -0.31894409774114   0.28402892861497   0.42708051907582
     132.000000      -0.23958555900957   0.34248151686132   0.41796510557408
     132.500000      -0.15214668938891   0.38565645146242   0.41458354242130
     133.000000      -0.05694812504231   0.41164531201878   0.41556582132422
     133.500000       0.04390480559306   0.41756292906364   0.41986477785398
     134.000000       0.14646398082550   0.40095569838810   0.42686903114320
     134.500000       0.24566768782260   0.36077805122673   0.43647842453787
     135.000000       0.33641762769027   0.29757697088908   0.44914237589463
     135.500000       0.41438796743682   0.21283557549778   0.46585015804859
     136.000000       0.47599627069111   0.10783543744469   0.48805832774447
     136.500000       0.51724419172048  -0.01726714819087   0.51753232582634
     137.000000       0.53155821032349  -0.16325539733309   0.55606335585137
     137.500000       0.50736619507788  -0.32957657951187   0.60501336982793
     138.000000       0.42713486467075  -0.50925618632820   0.66466988492848
     138.500000       0.27083099196969  -0.68165071874501   0.73348287544896
     139.000000       0.02684513094973  -0.80695690800727   0.80740331460576
     139.500000      -0.29048256342102  -0.83034700181323   0.87969100431450
     140.000000      -0.62653173684186  -0.70288389386791   0.94158790642669
     140.500000      -0.89232886676951  -0.41478087297493   0.98401929811158
     141.000000      -0.99979425478872  -0.01870616666382   0.99996923581668
     141.500000      -0.90948356764338   0.38248230542796   0.98663725541803
     142.000000      -0.65465423188869   0.68340037017198   0.94636580098869
     142.500000      -0.32089461646913   0.82569908146744   0.88586247692012
     143.000000       0.00103319563506   0.81411693609403   0.81411759170795
     143.500000       0.25272309272331   0.69551336656994   0.74000527340897
     144.000000       0.41662667197538   0.52534482371341   0.67049606084134
     144.500000       0.50281268424459   0.34517296803985   0.60988931233683
     145.000000       0.53115576787825   0.17722138426614   0.55994095116498
     145.500000       0.51966981883389   0.02937262299221   0.52049925224566
     146.000000       0.48047569612849  -0.09751101682127   0.49027063237734
     146.500000       0.42050431828144  -0.20424073845287   0.46748065300835
     147.000000       0.34388009830290  -0.29078947229739   0.45034657676928
     147.500000       0.25414848375779  -0.35595632287191   0.43737438835496
     148.000000       0.15554099183291  -0.39822881772111   0.42752683120936
     148.500000       0.05310234773828  -0.41693472446189   0.42030277633800
     149.000000      -0.04806195295868  -0.41296473058544   0.41575211368039
     149.500000      -0.14386473642872  -0.38867027162981   0.41444136187945
     150.000000      -0.23202060271990  -0.34694917530863   0.41738146860377
     150.500000      -0.31207252694500  -0.28985812440813   0.42591899976314
     151.000000      -0.38443549752497  -0.21723850704308   0.44156904409116
     151.500000      -0.44839862957173  -0.12592344705741   0.46574461405434
     152.000000      -0.49923573114345  -0.01030433474389   0.49934206168202
     152.500000      -0.52520352466641   0.13469455194241   0.54220048381110
     153.000000      -0.50650925438840   0.30752834063099   0.59255827145720
     153.500000      -0.41956526640947   0.49217137474940   0.64673617101563
     154.000000      -0.24869857139308   0.65360124146514   0.69931792645244
     154.500000      -0.00179883083878   0.74400362640531   0.74400580098319
     155.000000       0.28109630451315   0.72228963020342   0.77505963790559
     155.500000       0.53742500525678   0.57748511011028   0.78886924688083
     156.000000       0.70825461272258   0.33852917648874   0.78500101896555
     156.500000       0.76376997441162   0.06128528707063   0.76622481049889
     157.000000       0.71055432367380  -0.19760799392318   0.73752041744881
     157.500000       0.57919942450148  -0.40115053708502   0.70455214622230
     158.000000       0.40526978999663  -0.53636936313977   0.67226162793876
     158.500000       0.21656175184640  -0.60652196136156   0.64402475261177
     159.000000       0.03025236964017  -0.62072506126791   0.62146183113277
     159.500000      -0.14374280533871  -0.58738500388081   0.60471740248706
     160.000000      -0.29813795299203  -0.51253571594555   0.59294105873526
     160.500000      -0.42529562619296  -0.40134327724219   0.58476730059602
     161.000000      -0.51671768715684  -0.26058877987423   0.57870863171120
     161.500000      -0.56459314048943  -0.10043481784119   0.57345668269060
     162.000000      -0.56431364412398   0.06553765733221   0.56810656876424
     162.500000      -0.51654451053604   0.22218987910306   0.56230469830933
     163.000000      -0.42765181246810   0.35579622522142   0.55630659405498
     163.500000      -0.30813241789576   0.45671354090195   0.55093815025054
     164.000000      -0.16976115714647   0.52048923990349   0.54747410836589
     164.500000      -0.02278637775480   0.54698492443853   0.54745933782721
     165.000000       0.12561711311323   0.53801599483919   0.55248608110042
     165.500000       0.27098342415851   0.49453373884352   0.56391101693727
     166.000000       0.40917963107161   0.41455572810068   0.58248126337676
     166.500000       0.53248724099679   0.29320684993203   0.60787574278914
     167.000000       0.62565272504950   0.12626618436917   0.63826677939324
     167.500000       0.66502945008137  -0.08243206992824   0.67011880709929
     168.000000       0.62463681714904  -0.31256577573020   0.69847585319459
     168.500000       0.48988737244031  -0.52473437062039   0.71786892772069
     169.000000       0.27230223635373  -0.67051254730210   0.72369578139768
     169.500000       0.01298567757029  -0.71348985190054   0.71360801325869
     170.000000      -0.23194754849254  -0.64804699976038   0.68830558558690
     170.500000      -0.41588128657293  -0.50130047719444   0.65135198852612
     171.000000      -0.51893125794620  -0.31700598401003   0.60809739710987
     171.500000      -0.54793441416122  -0.13455180538855   0.56421300105148
     172.000000      -0.52391534569006   0.02318850420686   0.52442825646306
     172.500000      -0.46846453981771   0.14981128861913   0.49183579298822
     173.000000      -0.39630354797090   0.24856561092289   0.46780483651604
     173.500000      -0.31435797500346   0.32522350506463   0.45231765905700
     174.000000      -0.22429266122301   0.38373161799147   0.44447401782877
     174.500000      -0.12575129561266   0.42473795150684   0.44296243158815
     175.000000      -0.01895110878380   0.44600473502568   0.44640717757387
     175.500000       0.09376820206064   0.44379749706250   0.45359529772323
     176.000000       0.20749978953356   0.41460166271916   0.46362776166443
     176.500000       0.31533343321681   0.35660675652795   0.47602894124799
     177.000000       0.40958114139649   0.27045840827106   0.49082019313814
     177.500000       0.48303319679102   0.15904438815675   0.50854320033436
     178.000000       0.52954829654001   0.02656370947965   0.53021413507162
     178.500000       0.54358043745806  -0.12240570407541   0.55719193136414
     179.000000       0.51881564058161  -0.28291724863108   0.59094148482323
     179.500000       0.44676805178517  -0.44795588297242   0.63266591909594
     180.000000       0.31689517412229  -0.60479706280086   0.68278989341857
     180.500000       0.12033228862168  -0.73048160966006   0.74032644268356
     181.000000      -0.14119190835923  -0.78974574267641   0.80226771906991
     181.500000      -0.44295009022104  -0.74097409770230   0.86327712577860
     182.000000      -0.72927952830294  -0.55432215913341   0.91603585437912
     182.500000      -0.92247301311239  -0.23719336854696   0.95247947694599
     183.000000      -0.95395689979485   0.15065975691773   0.96578058016337
     183.500000      -0.80318057121122   0.51187999515022   0.95242855868888
     184.000000      -0.51457847648120   0.75476080047347   0.91348501596308
     184.500000      -0.17565296454195   0.83611526867879   0.85436684537158
     185.000000       0.12781310724747   0.77274092837416   0.78323989477606
     185.500000       0.34602717243677   0.61858488625286   0.70878915451991
     186.000000       0.47075749291870   0.43105821383070   0.63829758016933
     186.500000       0.51978613724154   0.24958651406345   0.57660303196465
     187.000000       0.51786959558256   0.09199014747638   0.52597633526764
     187.500000       0.48507439601909  -0.03872151819476   0.48661743253257
     188.000000       0.43349664404420  -0.14590159079659   0.45739109588465
     188.500000       0.36881338554448  -0.23351226859286   0.43652181267396
     189.000000       0.29327209809379  -0.30359913295094   0.42211486238807
     189.500000       0.20830402876738  -0.35602972800640   0.41248967941639
     190.000000       0.11611001484181  -0.38943077176258   0.40637158062808
     190.500000       0.02011590103335  -0.40249182757931   0.40299419442781
     191.000000      -0.07551539182570  -0.39499121563147   0.40214504202914
     191.500000      -0.16688533593532  -0.36810446029487   0.40416779812254
     192.000000      -0.25129694081283  -0.32386666936420   0.40992654462348
     192.500000      -0.32759504771452  -0.26400195354566   0.42073215560853
     193.000000      -0.39557118304216  -0.18856651721859   0.43821671838181
     193.500000      -0.45429582277492  -0.09497809276134   0.46411801591332
     194.000000      -0.49944543039771   0.02181709610153   0.49992171749931
     194.500000      -0.52018485942239   0.16699939133939   0.54633422433527
     195.000000      -0.49732505631726   0.34035755975466   0.60264042357206
     195.500000      -0.40603127511204   0.52806773279431   0.66612080495030
     196.000000      -0.22641281161727   0.69590733328076   0.73181266576794
     196.500000       0.03912341185869   0.79195701955365   0.79292279710939
     197.000000       0.35170397740569   0.76507149776545   0.84203924161292
     197.500000       0.64000644326404   0.59361876319585   0.87292123552910
     198.000000       0.82784198836819   0.30498483287295   0.88223472272856
     198.500000       0.86986956348938  -0.03221533790867   0.87046590138947
     199.000000       0.76988078615511  -0.33992031783451   0.84158317911394
     199.500000       0.57055051007989  -0.56312538457957   0.80164710646911
     200.000000       0.32701655336066  -0.68277364381022   0.75704667944174
     200.500000       0.08456558422892  -0.70804002916119   0.71307224103211
     201.000000      -0.12958331379591  -0.66061050184098   0.67319987400245
     201.500000      -0.30327568331716  -0.56251357568951   0.63905998382506
     202.000000      -0.43267371782350  -0.43116723968768   0.61082872777490
     202.500000      -0.51696418974418  -0.27965984156721   0.58775981528449
     203.000000      -0.55609001336431  -0.11898238933111   0.56867645628640
     203.500000      -0.55089843885006   0.04011658813207   0.55235715852227
     204.000000      -0.50437013829216   0.18669312571006   0.53781368482798
     204.500000      -0.42260988137241   0.31060192003848   0.52447370245341
     205.000000      -0.31470953726870   0.40420562460231   0.51227363762741
     205.500000      -0.19132143969125   0.46375022015583   0.50166538646802
     206.000000      -0.06252555450193   0.48957371139912   0.49355026477440
     206.500000       0.06405909008594   0.48495024010222   0.48916285876776
     207.000000       0.18412606231906   0.45400387776010   0.48992032805991
     207.500000       0.29613197108528   0.39942430875748   0.49722622891923
     208.000000       0.39932743957608   0.32074429780330   0.51219069551460
     208.500000       0.49058554854507   0.21401573138761   0.53523538160574
     209.000000       0.56076446348977   0.07394185275507   0.56561840590793
     209.500000       0.59253203486304  -0.10069200008857   0.60102669759402
     210.000000       0.56288708784433  -0.29922033953602   0.63747524285569
     210.500000       0.45286593867673  -0.49342479343764   0.66974292470509
     211.000000       0.26192613018587  -0.64095808803958   0.69241069337316
     211.500000       0.01748512081353  -0.70105396451518   0.70127198048426
     212.000000      -0.23074528149553  -0.65515336364256   0.69460011144874
     212.500000      -0.43136830713631  -0.51749456361819   0.67370560319476
     213.000000      -0.55311290060870  -0.32693523950239   0.64251111402703
     213.500000      -0.59294701328452  -0.12679752861901   0.60635284597907
     214.000000      -0.56815806752667   0.05223890989533   0.57055454901586
     214.500000      -0.50194148821144   0.19727116352600   0.53931546384915
     215.000000      -0.41272510311560   0.30834471899436   0.51518780699226
     215.500000      -0.31073317567295   0.39058866456092   0.49911382604299
     216.000000      -0.19972280786223   0.44833171622988   0.49080599808682
     216.500000      -0.08057116418906   0.48254384043097   0.48922415152633
     217.000000       0.04542276069285   0.49088897717025   0.49298601916911
     217.500000       0.17438245505291   0.46931153966549   0.50066212348596
     218.000000       0.29910504075331   0.41429206037840   0.51098115101892
     218.500000       0.40973523950252   0.32500959625936   0.52298585463745
     219.000000       0.49555514651740   0.20466320691314   0.53615476450728
     219.500000       0.54714727966921   0.06045315645556   0.55047682037926
     220.000000       0.55797087459803  -0.09767755505851   0.56645600152342
     220.500000       0.52468614211299  -0.25877711991633   0.58503089278910
     221.000000       0.44627791352230  -0.41203958840686   0.60740480613205
     221.500000       0.32278267424485  -0.54658892083002   0.63478193355418
     222.000000       0.15490104371380  -0.64978942349181   0.66799747621188
     222.500000      -0.05414069275567  -0.70496306871936   0.70703899671113
     223.000000      -0.29370660436847  -0.69065604215702   0.75051271675945
     223.500000      -0.53900576802185  -0.58467373110514   0.79521732237497
     224.000000      -0.74715069403461  -0.37526663609046   0.83609760659809
     224.500000      -0.86344105384086  -0.07684572324165   0.86685392001095
     225.000000      -0.84194314044634   0.26036127297018   0.88128102453605
     225.500000      -0.67239486706237   0.55995255678101   0.87502098437547
     226.000000      -0.39380343879956   0.74994285146431   0.84705101904948
     226.500000      -0.08001829001815   0.79618428607820   0.80019519127228
     227.000000       0.19497505425767   0.71424003404111   0.74037429588677
     227.500000       0.38709232832686   0.55290905389702   0.67494362174245
     228.000000       0.48951165244406   0.36542677591852   0.61086691385008
     228.500000       0.52016119236817   0.18890536202082   0.55340121236413
     229.000000       0.50401563941747   0.03967471052232   0.50557476937880
     229.500000       0.46134483335672  -0.08070992515800   0.46835152106506
     230.000000       0.40407975247520  -0.17709698102746   0.44118452720995
     230.500000       0.33725320673492  -0.25476293640015   0.42266284342986
     231.000000       0.26207859920906  -0.31667819429534   0.41105993590417
     231.500000       0.17873522308229  -0.36310808625476   0.40471442063987
     232.000000       0.08818511194188  -0.39247717187201   0.40226228310501
     232.500000      -0.00708752876761  -0.40270991790462   0.40277228187001
     233.000000      -0.10330228718330  -0.39245772003740   0.40582560854911
     233.500000      -0.19626552312850  -0.36174420294686   0.41155682953216
     234.000000      -0.28239874760027  -0.31177466041231   0.42065721379932
     234.500000      -0.35932816898146  -0.24398933468726   0.43433573242907
     235.000000      -0.42557633047583  -0.15876394685238   0.45422593924325
     235.500000      -0.47913346598845  -0.05437827892734   0.48220936889406
     236.000000      -0.51496443003478   0.07294408883677   0.52010499353233
     236.500000      -0.52199871475438   0.22688684868075   0.56917510513858
     237.000000      -0.48121814271367   0.40575352525865   0.62944962001467
     237.500000      -0.36803983149571   0.59424162349769   0.69898242085518
     238.000000      -0.16272688678185   0.75598462332339   0.77329993558975
     238.500000       0.13118625875072   0.83517388201001   0.84541424619927
     239.000000       0.46985573779617   0.77549700688394   0.90673040206333
     239.500000       0.77091543151500   0.55321073625102   0.94886918026215
     240.000000       0.94430180629236   0.20315616612760   0.96590803351182
     240.500000       0.93758404813607  -0.18741459753801   0.95613183122912
     241.000000       0.76269110276450  -0.51889060010105   0.92246689540024
     241.500000       0.48389429140417  -0.72470030149779   0.87140358746366
     242.000000       0.18003526350424  -0.79073721739606   0.81097351564666
     242.500000      -0.08913142036934  -0.74337767510579   0.74870206220014
     243.000000      -0.29490304961089  -0.62407736983619   0.69024660246281
     243.500000      -0.43322472338255  -0.46963056053315   0.63893389668773
     244.000000      -0.51223251655604  -0.30468405086743   0.59599875995703
     244.500000      -0.54262449965304  -0.14308323909013   0.56117213128615
     245.000000      -0.53326806304344   0.00766411772312   0.53332313447157
     245.500000      -0.49072138379541   0.14251120508296   0.51099600789858
     246.000000      -0.42054174057820   0.25689426234622   0.49279815096543
     246.500000      -0.32872521393529   0.34654394923628   0.47765361406471
     247.000000      -0.22233164537005   0.40834486355214   0.46494826392016
     247.500000      -0.10903219575012   0.44131739308382   0.45458669266532
     248.000000       0.00409015884092   0.44695877518434   0.44697748949319
     248.500000       0.11181079918484   0.42862208184823   0.44296562379293
     249.000000       0.21144557269001   0.39010910044255   0.44372777742475
     249.500000       0.30255574517695   0.33395516554865   0.45062848504750
     250.000000       0.38555288825869   0.25996160488289   0.46500652216706
     250.500000       0.45923903446302   0.16460144065143   0.48784641542093
     251.000000       0.51760684136261   0.04216744490506   0.51932161098417
     251.500000       0.54707435447663  -0.11131719530811   0.55828475467031
     252.000000       0.52672864731248  -0.29125798277434   0.60189224984993
     252.500000       0.43474939569476  -0.47729839288781   0.64561659900458
     253.000000       0.26143655069899  -0.63190491767990   0.68385151533752
     253.500000       0.02257858456966  -0.71075118461842   0.71110972354318
     254.000000      -0.23822414155090  -0.68314894368786   0.72349376008333
     254.500000      -0.46466157601095  -0.54981309993114   0.71986444909918
     255.000000      -0.61226456181786  -0.34376257606935   0.70216849997978
     255.500000      -0.66520777270103  -0.11318046717396   0.67476751478683
     256.000000      -0.63522625286680   0.10031666430325   0.64309861255341
     256.500000      -0.54769944875210   0.27365404368657   0.61225911327589
     257.000000      -0.42718393635765   0.40115870307363   0.58601571696819
     257.500000      -0.29019383282264   0.48644985846479   0.56643263095332
     258.000000      -0.14531075711531   0.53462269082559   0.55401862575100
     258.500000       0.00306905649767   0.54813888423455   0.54814747606614
     259.000000       0.15068754825967   0.52637871734686   0.54752286826784
     259.500000       0.29079271299999   0.46750712207963   0.55056635488293
     260.000000       0.41349521487202   0.37126414575922   0.55571157865244
     260.500000       0.50708281042582   0.24145382716227   0.56163415786494
     261.000000       0.56071773216887   0.08706558865176   0.56743703782524
     261.500000       0.56736693117770  -0.07857184268029   0.57278160677188
     262.000000       0.52560698636878  -0.24031428878725   0.57793915035667
     262.500000       0.43946637554608  -0.38422522030631   0.58374627635219
     263.000000       0.31651308769648  -0.49965439704020   0.59146855467114
     263.500000       0.16530801203135  -0.57946828006296   0.60258628132483
     264.000000      -0.00635441510444  -0.61847224892284   0.61850489187960
     264.500000      -0.19126477038903  -0.61093592890227   0.64017569589578
     265.000000      -0.38014776330803  -0.54882777997075   0.66762583384387
     265.500000      -0.55714410626001  -0.42290240273626   0.69946836767674
     266.000000      -0.69601486038315  -0.22854850588768   0.73257839540739
     266.500000      -0.76181932748927   0.02413232208314   0.76220145414801
     267.000000      -0.72225321772896   0.30161618838946   0.78270175393851
     267.500000      -0.56638443139355   0.54916815157993   0.78890872909020
     268.000000      -0.31888754054654   0.70927466860386   0.77766304980945
     268.500000      -0.03585244535097   0.74806333011916   0.74892198773077
     269.000000       0.21894912469709   0.67107431270864   0.70588912187609
     269.500000       0.40135340673439   0.51647869166239   0.65409081635396
     270.000000       0.49922142436142   0.33254151027562   0.59983821702008
     270.500000       0.52587912505884   0.15672185795036   0.54873545077028
     271.000000       0.50467216839465   0.00755962438676   0.50472878407420
     271.500000       0.45632560336610  -0.11186693026289   0.46983748932358
     272.000000       0.39371113144139  -0.20615016121307   0.44441685835377
     272.500000       0.32235848173464  -0.28106914535928   0.42768546295059
     273.000000       0.24334384066041  -0.34020339239451   0.41827571407398
     273.500000       0.15626364604196  -0.38409869463515   0.41466870426252
     274.000000       0.06137330908119  -0.41092519044820   0.41548308655404
     274.500000      -0.03931177612498  -0.41780838276683   0.41965373875653
     275.000000      -0.14191513559473  -0.40224673521554   0.42654699823400
     275.500000      -0.24140028763650  -0.36311824613224   0.43603779600528
     276.000000      -0.33264515449132  -0.30090572995764   0.44854994942358
     276.500000      -0.41127766551054  -0.21707409082352   0.46504889963815
     277.000000      -0.47369426053920  -0.11294137942725   0.48697228633128
     277.500000      -0.51595286760879   0.01127275134268   0.51607599877980
     278.000000      -0.53164940314804   0.15633198952355   0.55415772016282
     278.500000      -0.50948034617954   0.32182231389926   0.60261084031628
     279.000000      -0.43216153783405   0.50119822282803   0.66178792173102
     279.500000      -0.27961481527097   0.67458571945914   0.73023991798396
     280.000000      -0.03951791611173   0.80307101819148   0.80404273888451
     280.500000       0.27534374608258   0.83220624020299   0.87657367330966
     281.000000       0.61225795217146   0.71212404435004   0.93913814454459
     281.500000       0.88325852830720   0.43059263657437   0.98262691114149
     282.000000       0.99917718900105   0.03740148999943   0.99987695566716
     282.500000       0.91755461370075  -0.36601163003506   0.98786182355856
     283.000000       0.66848454214938  -0.67316078073207   0.94869226823479
     283.500000       0.33615365728698  -0.82290352198125   0.88891478095291
     284.000000       0.01210000906156  -0.81738013172151   0.81746968748228
     284.500000      -0.24339819581234  -0.70230177229548   0.74328356708196
     285.000000      -0.41114128353808  -0.53337027945755   0.67343968552348
     285.500000      -0.50036950708155  -0.35301335778759   0.61236269840145
     286.000000      -0.53084213535700  -0.18426399095202   0.56191333053412
     286.500000      -0.52080308859329  -0.03548397518504   0.52201050715790
     287.000000      -0.48265269121341   0.09229271858319   0.49139756433973
     287.500000      -0.42350987950295   0.19988503484690   0.46831041542160
     288.000000      -0.34756922506677   0.28733143237001   0.45095866577916
     288.500000      -0.25836066627301   0.35347520640246   0.43782982472450
     289.000000      -0.16006785108543   0.39679291682456   0.42786251973415
     289.500000      -0.05770574809325   0.41655146808402   0.42052952206231
     290.000000       0.04360168570583   0.41356326061449   0.41585535649607
     290.500000       0.13970000857654   0.39012556046414   0.41438393468346
     291.000000       0.22821380654277   0.34913819200259   0.41710792201969
     291.500000       0.30861503374683   0.29272754658331   0.42536179375121
     292.000000       0.38131410656592   0.22086009345313   0.44065817676096
     292.500000       0.44570890720695   0.13050815599577   0.46442309238994
     293.000000       0.49732684777853   0.01613271992751   0.49758844256433
     293.500000       0.52479527464204  -0.12747559604531   0.54005565257084
     294.000000       0.50865081305149  -0.29924722581864   0.59014790669636
     294.500000       0.42527768906491  -0.48397378753550   0.64427613632498
     295.000000       0.25829114352107  -0.64747291428231   0.69709073265297
     295.500000       0.01420260022996  -0.74216906653708   0.74230494891104
     296.000000      -0.26837136136390  -0.72610602268348   0.77411442550667
     296.500000      -0.52739254799589  -0.58653886007856   0.78877800049434
     297.000000      -0.70309354282616  -0.35069764455648   0.78570310414387
     297.500000      -0.76397105366749  -0.07377539774624   0.76752497037844
     298.000000      -0.71509580458459   0.18704234976131   0.73915279228229
     298.500000      -0.58640171492888   0.39360885790859   0.70625413577241
     299.000000      -0.41360758853022   0.53195370944835   0.67382934507607
     299.500000      -0.22502072637083   0.60483519058457   0.64533707089081
     300.000000      -0.03827591801815   0.62129868260952   0.62247658503148
     300.500000       0.13647526669291   0.58986993304072   0.60545192734383
     301.000000       0.29190774296648   0.51669268296253   0.59344878383126
     301.500000       0.42043449599318   0.40693579423435   0.58511700201770
     302.000000       0.51358561322594   0.26727119519136   0.57896811129084
     302.500000       0.56348029522925   0.10769929387654   0.57368038228019
     303.000000       0.56532589865738  -0.05832528561286   0.56832667598363
     303.500000       0.51953695414477  -0.21567796878171   0.56252611756240
     304.000000       0.43225078624494  -0.35051189677948   0.55650636294055
     304.500000       0.31383888315949  -0.45297060597634   0.55106915578842
     305.000000       0.17608527025668  -0.51838174103405   0.54747205576071
     305.500000       0.02935128826444  -0.54646419415263   0.54725187401567
     306.000000      -0.11904601866138  -0.53901444094004   0.55200409609081
     306.500000      -0.26456106220184  -0.49708455478244   0.56310355196591
     307.000000      -0.40313059694849  -0.41885132517730   0.58133528260276
     307.500000      -0.52730490698941  -0.29952871102399   0.60643871385558
     308.000000      -0.62224548201336  -0.13472917823351   0.63666426894677
     308.500000      -0.66463549021015   0.07228645307289   0.66855490884800
     309.000000      -0.62835636918196   0.30209996686770   0.69720593562663
     309.500000      -0.49793814577353   0.51609408042841   0.71714398614897
     310.000000      -0.28348404156166   0.66585900716192   0.72369290395774
     310.500000      -0.02490957331810   0.71393955818297   0.71437397739656
     311.000000       0.22184782356830   0.65308848570354   0.68973982557231
     311.500000       0.40924277548918   0.50915590181471   0.65323761499383
     312.000000       0.51602143817121   0.32561234727957   0.61016516235623
     312.500000       0.54800724022017   0.14241294356183   0.56620966242874
     313.000000       0.52589885605813  -0.01672589525988   0.52616476732625
     313.500000       0.47148151766193  -0.14476506193221   0.49320558051692
     314.000000       0.39985469274977  -0.24467899038103   0.46877668846466
     314.500000       0.31826295170162  -0.32224276451166   0.45291467817453
     315.000000       0.22854184236154  -0.38153771203645   0.44474981665653
     315.500000       0.13036471755556  -0.42336464602820   0.44298147036859
     316.000000       0.02388107105147  -0.44559169542807   0.44623117841432
     316.500000      -0.08868291707674  -0.44451438443414   0.45327441770974
     317.000000      -0.20252916381296  -0.41657063386892   0.46319451119020
     317.500000      -0.31081067372449  -0.35984873463592   0.47549383457638
     318.000000      -0.40583978591770  -0.27488189972574   0.49016934893010
     318.500000      -0.48036002654033  -0.16447738466480   0.50773867802641
     319.000000      -0.52817996173914  -0.03280538813641   0.52919775648952
     319.500000      -0.54375067771315   0.11555331436383   0.55589330628635
     320.000000      -0.52083118415892   0.27567945050255   0.58929133866177
     320.500000      -0.45106001321935   0.44070585062683   0.63061619254675
     321.000000      -0.32396013812111   0.59825901115039   0.68034110232595
     321.500000      -0.13046233168535   0.72592893371214   0.73755897173665
     322.000000       0.12842368359878   0.78898366386967   0.79936716492629
     322.500000       0.42925597823719   0.74583136137761   0.86053768916111
     323.000000       0.71776865467025   0.56558465755966   0.91382593883848
     323.500000       0.91676656482604   0.25348436330846   0.95116521005808
     324.000000       0.95641481334320  -0.13305044450365   0.96562503901097
     324.500000       0.81336561177584  -0.49760390529537   0.95350577606257
     325.000000       0.52929000385574  -0.74717302119238   0.91565027809714
     325.500000       0.19063873624545  -0.83583476221287   0.85729975940782
     326.000000      -0.11581214805422  -0.77796618825001   0.78653915585759
     326.500000      -0.33830407478392  -0.62657918104987   0.71207521873783
     327.000000      -0.46696764695108  -0.43953087350919   0.64128478234462
     327.500000      -0.51885120091389  -0.25725624117660   0.57912636126678
     328.000000      -0.51872140680117  -0.09844741119061   0.52798086200535
     328.500000      -0.48698335393217   0.03341126466324   0.48812815900480
     329.000000      -0.43608447937341   0.14153893009633   0.45847894377299
     329.500000      -0.37192993755422   0.22995107492736   0.43727494246679
     330.000000      -0.29685717258924   0.30080267878613   0.42261854252102
     330.500000      -0.21228740023924   0.35404725406292   0.41281399977451
     331.000000      -0.12036454283475   0.38833906788561   0.40656469942444
     331.500000      -0.02446109271716   0.40233615973305   0.40307906232606
     332.000000       0.07127419205331   0.39575152920220   0.40211849412671
     332.500000       0.16290684585958   0.36970071320117   0.40400155664226
     333.000000       0.24767021289226   0.32620082430559   0.40956991116504
     333.500000       0.32434265627438   0.26702011302215   0.42011653078341
     334.000000       0.39269953372053   0.19231749477166   0.43726301304771
     334.500000       0.45189460509862   0.09963979804820   0.46274920148210
     335.000000       0.49782643522617  -0.01598326887748   0.49808294941105
     335.500000       0.52001584145356  -0.15981864548792   0.54402065660069
     336.000000       0.49964505131987  -0.33206630545900   0.59992766941493
     336.500000       0.41197243762009  -0.51970699797183   0.66318674074466
     337.000000       0.23653005338624  -0.68949288684543   0.72893546159132
     337.500000      -0.02568414927389  -0.79002561205450   0.79044300441336
     338.000000      -0.33755351026705  -0.76950573425888   0.84028652693644
     338.500000      -0.62876921905352  -0.60436204383966   0.87212625855620
     339.000000      -0.82252098746598  -0.31968461578230   0.88246191328005
     339.500000      -0.87142946701323   0.01718193976840   0.87159883836153
     340.000000      -0.77707276750821   0.32776384425162   0.84336897239670
     340.500000      -0.58091767631204   0.55551016265081   0.80377664028018
     341.000000      -0.33815365608231   0.67977128883284   0.75923441718832
     341.500000      -0.09483922186554   0.70879120575849   0.71510799979069
     342.000000       0.12097717185406   0.66403474589743   0.67496490269412
     342.500000       0.29660173834447   0.56770443113102   0.64051612962887
     343.000000       0.42796900675742   0.43747045042212   0.61199498832708
     343.500000       0.51421970197518   0.28658498252092   0.58868739930965
     344.000000       0.55529275338972   0.12608692009701   0.56942774202412
     344.500000       0.55198672167335  -0.03329240228297   0.55298980546974
     345.000000       0.50716802405237  -0.18061657908539   0.53836953225614
     345.500000       0.42679599300431  -0.30568095545605   0.52497206227861
     346.000000       0.31984795376429  -0.40070893509573   0.51270884934118
     346.500000       0.19694523518651  -0.46176279441249   0.50200827081464
     347.000000       0.06823450281872  -0.48901495573467   0.49375254359558
     347.500000      -0.05853047185150  -0.48564911125108   0.48916344445811
     348.000000      -0.17889811543255  -0.45580227227109   0.48965319064906
     348.500000      -0.29123542891480  -0.40227394124401   0.49663104902853
     349.000000      -0.39482152093561  -0.32476215452689   0.51122841314510
     349.500000      -0.48672251917506  -0.21945452366835   0.53390926067134
     350.000000      -0.55814651219955  -0.08102278860659   0.56399665012668
     350.500000      -0.59213697982195   0.09210156107150   0.59925695692622
     351.000000      -0.56580106206126   0.28997195074603   0.63577871468704
     351.500000      -0.45968217959852   0.48520492289650   0.66837977486115
     352.000000      -0.27209054134486   0.63584966096170   0.69161987683586
     352.500000      -0.02913269208967   0.70059810756009   0.70120355251893
     353.000000       0.22013653256214   0.65949775008887   0.69526784431668
     353.500000       0.42385718436368   0.52530600648233   0.67498245398167
     354.000000       0.54950638491257   0.33615101941920   0.64416983390738
     354.500000       0.59282041543428   0.13560466330050   0.60813211530433
     355.000000       0.57046184620666  -0.04485177614214   0.57222233423785
     355.500000       0.50564478038904  -0.19154473808765   0.54070882240236
     356.000000       0.41714952468280  -0.30409389907620   0.51622361956661
     356.500000       0.31557088586941  -0.38754684393571   0.49977749074256
     357.000000       0.20489295985536  -0.44634910344970   0.49112996971132
     357.500000       0.08605007424428  -0.48163980889557   0.48926630866064
     358.000000      -0.03973154115884  -0.49120856567648   0.49281279443294
     358.500000      -0.16871635840755  -0.47103252158517   0.50033673259635
     359.000000      -0.29384380392562  -0.41751932071477   0.51055515302032
     359.500000      -0.40534147009865  -0.32969202162359   0.52249261861197
     360.000000      -0.49247878391214  -0.21056386130753   0.53560479114018
     360.500000      -0.54573605082465  -0.06718329338586   0.54985582844947
     361.000000      -0.55842775208692   0.09058216097321   0.56572668505863
     361.500000      -0.52708934894040   0.25178334387023   0.58413871128088
     362.000000      -0.45064249986120   0.40559383751562   0.60628790496908
     362.500000      -0.32911343008432   0.54116702218459   0.63338566115914
     363.000000      -0.16317255318835   0.64600527167354   0.66629429919819
     363.500000       0.04413519212040   0.70367057243481   0.70505332400765
     364.000000       0.28264712872464   0.69291577121104   0.74834595299852
     364.500000       0.52835949447767   0.59142559550147   0.79306241268829
     365.000000       0.73920756837357   0.38666478177657   0.83422867524863
     365.500000       0.86072637420602   0.09154425281043   0.86558086940300
     366.000000       0.84601838394705  -0.24533846697000   0.88087346954688
     366.500000       0.68272959792763  -0.54827037012353   0.87562554933134
     367.000000       0.40769291973832  -0.74429346613391   0.84863789718253
     367.500000       0.09382240518507  -0.79705826962605   0.80256123061981
     368.000000      -0.18414087436366  -0.72002893945160   0.74320221693642
     368.500000      -0.38040387412457  -0.56109408998753   0.67788913936419
     369.000000      -0.48661435936775  -0.37384035100225   0.61363681667610
     369.500000      -0.51996849907027  -0.19632679139983   0.55579802900581
     370.000000      -0.50543836472846  -0.04574742689066   0.50750445082432
     370.500000      -0.46364067684377   0.07585739442017   0.46980530170738
     371.000000      -0.40687988195533   0.17320021459666   0.44220985140124
     371.500000      -0.34043949030756   0.25162135104573   0.42333479760463
     372.000000      -0.26563935241806   0.31422025191301   0.41145915017819
     372.500000      -0.18265598822858   0.36137378485531   0.40491261083894
     373.000000      -0.09238947289288   0.39156164738049   0.40231373131021
     373.500000       0.00274808597916   0.40269958227197   0.40270895885065
     374.000000       0.09901914642883   0.39338376055994   0.40565450130841
     374.500000       0.19222387625134   0.36357115549349   0.41125904696184
     375.000000       0.27873546980922   0.31442847841086   0.42018892199288
     375.500000       0.35612181412926   0.24741307625538   0.43363115294091
     376.000000       0.42288487382621   0.16297693059691   0.45320315137673
     376.500000       0.47708384234845   0.05950714772880   0.48078071223873
     377.000000       0.51388377717101  -0.06670299946654   0.51819477667897
     377.500000       0.52254595619803  -0.21942512289981   0.56674655790619
     378.000000       0.48441018991019  -0.39736394395355   0.62653917359025
     378.500000       0.37499578803349  -0.58602221437001   0.69573261873940
     379.000000       0.17399470628193  -0.75005846037883   0.76997522804308
     379.500000      -0.11654899358717  -0.83428001176394   0.84238162725396
     380.000000      -0.45478199069067  -0.78173109806015   0.90439491856760
     380.500000      -0.75961413388461  -0.56646616059450   0.94757455827810
     381.000000      -0.94032736728721  -0.22051174715402   0.96583693670423
     381.500000      -0.94193551740317   0.17054637914696   0.95725053480566
     382.000000      -0.77342905365246   0.50654193848878   0.92454163588327
     382.500000      -0.49747444373380   0.71870255376617   0.87407904846087
     383.000000      -0.19315099525459   0.79062284638899   0.81387455556742
     383.500000       0.07846302344028   0.74740954252953   0.75151677979377
     384.000000       0.28730351226062   0.63038439327134   0.69276820902619
     384.500000       0.42848365809278   0.47682642704892   0.64106293512011
     385.000000       0.50985651467088   0.31195632885022   0.59772101909005
     385.500000       0.54215642226186   0.15001537629610   0.56252839868316
     386.000000       0.53437945631332  -0.00130726128222   0.53438105529835
     386.500000       0.49317329566391  -0.13692417215925   0.51182822165010
     387.000000       0.42410607380910  -0.25227738577414   0.49346716325892
     387.500000       0.33312787928724  -0.34307926736005   0.47820243375659
     388.000000       0.22724593312331  -0.40614343780699   0.46539575223111
     388.500000       0.11412002382855  -0.44038051589190   0.45492678379696
     389.000000       0.00088493392083  -0.44718053712213   0.44718141272741
     389.500000      -0.10713190054891  -0.42983660515574   0.44298617500666
     390.000000      -0.20713047603378  -0.39216546854353   0.44350511701664
     390.500000      -0.29859247418317  -0.33679497095166   0.45009812052169
     391.000000      -0.38193718195567  -0.26367297817123   0.46411146331234
     391.500000      -0.45610765151970  -0.16941680607159   0.48655548908045
     392.000000      -0.51538942584508  -0.04835799454757   0.51765312315254
     392.500000      -0.54658061331228   0.10369185936440   0.55632937055963
     393.000000      -0.52902253441072   0.28270814989697   0.59982392410816
     393.500000      -0.44068860284805   0.46916613223181   0.64367950434476
     394.000000      -0.27098546845609   0.62619747779361   0.68231693904625
     394.500000      -0.03434641871267   0.70937892174307   0.71020992044025
     395.000000       0.22670405184660   0.68691162016510   0.72335489287176
     395.500000       0.45590323124047   0.55787614079796   0.72046758756181
     396.000000       0.60773334290751   0.35407912590331   0.70335755024169
     396.500000       0.66492354600594   0.12352456916947   0.67629996393732
     397.000000       0.63819153133869  -0.09148195531546   0.64471495935861
     397.500000       0.55265186884997  -0.26693806861743   0.61374263386257
     398.000000       0.43313502725550  -0.39651910817280   0.58722513142897
     398.500000       0.29657850040764  -0.48360881011416   0.56730616788828
     399.000000       0.15186976915185  -0.53335850506871   0.55455903356754
     399.500000       0.00351112060964  -0.54838882376977   0.54840006382524
     400.000000      -0.14429745143098  -0.52819949146042   0.54755498104622
