#    time[fs]         Re(autocorrel)     Im(autocorrel)     Abs(autocorrel)
     0.00000000       1.00000000000000   0.00000000000000   1.00000000000000
    0.500000000      -0.87222395491294   0.46101629859782   0.98656507899722
     1.00000000       0.53742452708126  -0.78054020226754   0.94766456600654
     1.50000000      -0.11555552889190   0.87968116936153   0.88723843468752
     2.00000000      -0.26138422129062  -0.76774952670408   0.81102468944788
     2.50000000       0.50463642873588   0.52133411264768   0.72556680065824
     3.00000000      -0.59121499366921  -0.23774291490918   0.63722591153279
     3.50000000       0.55137860570486  -0.00653259990206   0.55141730267603
     4.00000000      -0.43889338811917   0.17417042651181   0.47218930907638
     4.50000000       0.30423808236994  -0.26298785108141   0.40214850563014
     5.00000000      -0.18084048040418   0.29104188391811   0.34264946745532
     5.50000000       0.08360474328166  -0.28199713004301   0.29412945186038
     6.00000000      -0.01397920856155   0.25609054887726   0.25647180643545
     6.50000000      -0.03375995328977  -0.22680926512540   0.22930803996557
     7.00000000       0.06776251270000   0.20109451301651   0.21220452703174
     7.50000000      -0.09593112850792  -0.18086282472948   0.20472943800521
     8.00000000       0.12475744386950   0.16449977171346   0.20645724665080
     8.50000000      -0.15885488642772  -0.14782421584039   0.21699510070688
     9.00000000       0.20051222968096   0.12457100361534   0.23605738538195
     9.50000000      -0.24883396169001  -0.08676722600369   0.26352778221418
     10.0000000       0.29833634576712   0.02561021902177   0.29943356278818
     10.5000000      -0.33733454247810   0.06639438512361   0.34380635236256
     11.0000000       0.34718040495865  -0.19141059576378   0.39644955512385
     11.5000000      -0.30422088278019   0.34056274987395   0.45665449972738
     12.0000000       0.18653384831718  -0.48852267951741   0.52292378504987
     12.5000000       0.01409439492331   0.59260883915760   0.59277642346502
     13.0000000      -0.27846254628664  -0.60137486360542   0.66271646747375
     13.5000000       0.55277685477867   0.47439064616546   0.72842895078949
     14.0000000      -0.75740819517426  -0.20712325110227   0.78521794125217
     14.5000000       0.81436767442529  -0.15308135122611   0.82863056258025
     15.0000000      -0.68337979814968   0.51405932296500   0.85514030196591
     15.5000000       0.38644812548834  -0.77132944006501   0.86272316463884
     16.0000000      -0.00402655777607   0.85116402844230   0.85117355250362
     16.5000000      -0.35727215693102  -0.74038146567630   0.82207548852592
     17.0000000       0.60741662675879   0.48684884856823   0.77844509107273
     17.5000000      -0.70308475245645  -0.17340863814486   0.72415379921672
     18.0000000       0.65282261148963  -0.11738081737417   0.66329150330723
     18.5000000      -0.50105375131697   0.32938192222288   0.59962264166395
     19.0000000       0.30421444864853  -0.44157882817878   0.53622597126797
     19.5000000      -0.11126914663486   0.46215573702579   0.47536170255786
     20.0000000      -0.04603213197121  -0.41594401695136   0.41848343146587
     20.5000000       0.15414233872928   0.33245983288096   0.36645518289167
     21.0000000      -0.21375682069632  -0.23778578047765   0.31974060704197
     21.5000000       0.23451517281582   0.15096653847884   0.27890547147935
     22.0000000      -0.23047438399449  -0.08249686184321   0.24479414595046
     22.5000000       0.21631646422392   0.03522653928780   0.21916596853648
     23.0000000      -0.20525004939965  -0.00522478185234   0.20531653884664
     23.5000000       0.20633677179610  -0.01762526038467   0.20708817735173
     24.0000000      -0.22170202731710   0.04773431543297   0.22678261350105
     24.5000000       0.24382640045752  -0.10039297401778   0.26368553770012
     25.0000000      -0.25432456135677   0.18589867155216   0.31502269536364
     25.5000000       0.22646610849405  -0.30200289646932   0.37748198337443
     26.0000000      -0.13345030488023   0.42737848254088   0.44772910471799
     26.5000000      -0.03795897328713  -0.52081895399295   0.52220040835997
     27.0000000       0.27304429277495   0.53098110796708   0.59707128790030
     27.5000000      -0.52236450029861  -0.41649989399857   0.66808445040506
     28.0000000       0.71073522478471   0.17027343338436   0.73084718092517
     28.5000000      -0.76355430512514   0.16548461536737   0.78128121364744
     29.0000000       0.64054282706677  -0.50572704681521   0.81612190216115
     29.5000000      -0.35893274588869   0.75210247716308   0.83336117753711
     30.0000000      -0.00868338450000  -0.83250548708228   0.83255077153798
     30.5000000       0.36254504663912   0.72974307571356   0.81483978019881
     31.0000000      -0.61487128687442  -0.48441191442173   0.78276535580998
     31.5000000       0.71932440853894   0.17283777268867   0.73979760771976
     32.0000000      -0.67831554332340   0.12522894464506   0.68977841724067
     32.5000000       0.53006262534378  -0.35215073256384   0.63637765928070
     33.0000000      -0.32696918684477   0.48229603969304   0.58268200508470
     33.5000000       0.11707516962272  -0.51789957298871   0.53096757249768
     34.0000000       0.06572427980136   0.47815167738317   0.48264760181704
     34.5000000      -0.20322319054783  -0.38842273933481   0.43837414340811
     35.0000000       0.28981095865306   0.27304689538624   0.39817709481520
     35.5000000      -0.32817974314402  -0.15199609746202   0.36166940353555
     36.0000000       0.32565332225864   0.04020988370668   0.32812637968593
     36.5000000      -0.29202978249943   0.05194096210092   0.29661297579613
     37.0000000       0.23891659197707  -0.11801747630322   0.26647563234735
     37.5000000      -0.17887716938896   0.15598791124291   0.23733788189527
     38.0000000       0.12462394989192  -0.16905877272594   0.21002856358663
     38.5000000      -0.08663880310318   0.16653210697000   0.18772113587718
     39.0000000       0.06951327569487  -0.16355847883143   0.17771739221439
     39.5000000      -0.06724660544533   0.17807378649552   0.19034804800883
     40.0000000       0.06023763204489  -0.22339297754116   0.23137198345755
     40.5000000      -0.01779176171168   0.29730270978109   0.29783459844011
     41.0000000      -0.08985276948875  -0.37256073436657   0.38324277028609
     41.5000000       0.27125281043678   0.39733926462412   0.48109934356834
     42.0000000      -0.49424581025361  -0.31287814271972   0.58495440262040
     42.5000000       0.68260617883102   0.08638091065290   0.68805003967990
     43.0000000      -0.74010117816276   0.25676070605118   0.78337463201830
     43.5000000       0.59727375509794  -0.62460347787321   0.86421377164455
     44.0000000      -0.25659859278258   0.88864280244505   0.92494803538112
     44.5000000      -0.19469431477036  -0.94186910066009   0.96178130517397
     45.0000000       0.61749232075047   0.75231905500011   0.97328347705181
     45.5000000      -0.88257835697603  -0.37898776421896   0.96050834542454
     46.0000000       0.92482475647203  -0.05855809237195   0.92667679390702
     46.5000000      -0.76060828340280   0.43551170119036   0.87646757079465
     47.0000000       0.46594912036194  -0.66892794149938   0.81521357550318
     47.5000000      -0.13551016659117   0.73569128058763   0.74806728680129
     48.0000000      -0.15291775709543  -0.66203962240040   0.67947060426715
     48.5000000       0.35541563281875   0.49921586672428   0.61281053649658
     49.0000000      -0.46106385323850  -0.30049391115798   0.55034213668058
     49.5000000       0.48149593291337   0.10743769941734   0.49333679435879
     50.0000000      -0.43885796975609   0.05429963103601   0.44220444089707
     50.5000000       0.35702486759998  -0.17314950832404   0.39679655784500
     51.0000000      -0.25672307776890   0.24733053718102   0.35648160300553
     51.5000000       0.15412015931941  -0.28090044071780   0.32040299796365
     52.0000000      -0.06107134280319   0.28110402865868   0.28766157866480
     52.5000000      -0.01432894317533  -0.25714954107263   0.25754845192000
     53.0000000       0.06773676529181   0.21970960010265   0.22991428348292
     53.5000000      -0.09921566339171  -0.18024924778748   0.20575115841767
     54.0000000       0.11428219350371   0.14951102047837   0.18818598512244
     54.5000000      -0.12443158621631  -0.13445575836773   0.18319817304370
     55.0000000       0.14546439778894   0.13394970377519   0.19774330371864
     55.5000000      -0.19214128063511  -0.13500148112205   0.23482689715884
     56.0000000       0.26923451274817   0.11272025643270   0.29187853477944
     56.5000000      -0.36191072113076  -0.03771218779591   0.36387027795320
     57.0000000       0.43198712121351  -0.10874445785471   0.44546406141063
     57.5000000      -0.42671207156595   0.31646213776766   0.53125462507218
     58.0000000       0.30185582068045  -0.53668574290499   0.61575037402843
     58.5000000      -0.05001701209764   0.69165614530021   0.69346227354537
     59.0000000      -0.28223556693781  -0.70500470777984   0.75940012722967
     59.5000000       0.60339574371775   0.53978719282732   0.80960276498854
     60.0000000      -0.81169000750168  -0.22220715198943   0.84155611023468
     60.5000000       0.83861312146197  -0.16449245203322   0.85459331512954
     61.0000000      -0.67675203974214   0.51392338282412   0.84977089071616
     61.5000000       0.37815472272880  -0.73830941779291   0.82951901167110
     62.0000000      -0.02812154970498   0.79663330190030   0.79712949967642
     62.5000000      -0.28859052726066  -0.69894479757623   0.75618008601355
     63.0000000       0.51256395188771   0.49127950464128   0.70998405366270
     63.5000000      -0.61865216049685  -0.23363619919742   0.66129900140772
     64.0000000       0.61191207830979  -0.01866938435514   0.61219681271108
     64.5000000      -0.51694923639738   0.22549561508546   0.56399005792177
     65.0000000       0.36695859977433  -0.36467807607076   0.51734776805840
     65.5000000      -0.19542072940520   0.42995468008550   0.47228200093660
     66.0000000       0.03153460949370  -0.42724710452592   0.42840929019070
     66.5000000       0.10241301544538   0.37120818871761   0.38507654447347
     67.0000000      -0.19240686659812  -0.28231105705057   0.34164299385048
     67.5000000       0.23438993607202   0.18389238716886   0.29791786148284
     68.0000000      -0.23502125271742  -0.09807889627611   0.25466538658327
     68.5000000       0.21119219374140   0.04078146499692   0.21509363213401
     69.0000000      -0.18626968191159  -0.01602044284084   0.18695734537124
     69.5000000       0.18279234940643   0.01259545159612   0.18322578530991
     70.0000000      -0.21240255396034  -0.00498663079191   0.21246108211983
     70.5000000       0.26642056269769  -0.03796460362902   0.26911192347584
     71.0000000      -0.31313860721718   0.13818911855370   0.34227477239283
     71.5000000       0.30630810108075  -0.29189901094402   0.42311899671108
     72.0000000      -0.20564925634945   0.46137296071131   0.50513030547830
     72.5000000       0.00067208369385  -0.58294973525247   0.58295012267553
     73.0000000       0.27442278035155   0.59137348832851   0.65194360574646
     73.5000000      -0.54610271740936  -0.45117872030099   0.70837166488668
     74.0000000       0.72815494558078   0.17811896306390   0.74962389888310
     74.5000000      -0.75722601059011   0.16223924454790   0.77441126256382
     75.0000000       0.61910583783156  -0.47922275477041   0.78290899032190
     75.5000000      -0.35225380611406   0.69212336487760   0.77660639717385
     76.0000000       0.02903125138933  -0.75745708618158   0.75801322611411
     76.5000000       0.27327423073861   0.67718679805605   0.73024705726704
     77.0000000      -0.49664647127983  -0.48836796892506   0.69653498871679
     77.5000000       0.61309633228157   0.24389303276691   0.65982643482158
     78.0000000      -0.62248228577335   0.00524499120314   0.62250438234147
     78.5000000       0.54326056996429  -0.22036594709193   0.58625352665519
     79.0000000      -0.40244813920844   0.37788655241741   0.55205321414720
     79.5000000       0.22834201723874  -0.46741028938621   0.52020424398573
     80.0000000      -0.04690749551553   0.48816728761569   0.49041575610252
     80.5000000      -0.11931853879907  -0.44622469270283   0.46190192690535
     81.0000000       0.25134799953882   0.35313820589653   0.43345404524123
     81.5000000      -0.33452929383912  -0.22578764918975   0.40359622268195
     82.0000000       0.36043766032745   0.08605992970413   0.37056931670473
     82.5000000      -0.33011185693492   0.04071646409879   0.33261339199998
     83.0000000       0.25704284686590  -0.13046203306784   0.28825573228840
     83.5000000      -0.16718977370974   0.16775036706487   0.23683877656227
     84.0000000       0.09392426881986  -0.15412564154247   0.18048956106718
     84.5000000      -0.06605081007508   0.11313017207536   0.13100055475216
     85.0000000       0.09221035576593  -0.08598727455734   0.12608156525155
     85.5000000      -0.14871219066279   0.11539165692783   0.18823004579576
     86.0000000       0.18148201770981  -0.22009435783281   0.28526697863907
     86.5000000      -0.12815344011053   0.37428492743932   0.39561662139048
     87.0000000      -0.04650855672110  -0.50673991875721   0.50886971919180
     87.5000000       0.31980497103062   0.52826108168318   0.61752327074935
     88.0000000      -0.60720092815744  -0.37771610500351   0.71509609363657
     88.5000000       0.79374131773994   0.06195136446744   0.79615529329830
     89.0000000      -0.78797542728130   0.33652197149131   0.85682688525486
     89.5000000       0.56773322622284  -0.69193449690168   0.89503875008849
     90.0000000      -0.19180644048292   0.89035524939409   0.91078108277146
     90.5000000      -0.22821715327093  -0.87672256908998   0.90593903337853
     91.0000000       0.57671870368259   0.66968210045416   0.88378650071498
     91.5000000      -0.77619049770158  -0.34283464966421   0.84853243057210
     92.0000000       0.80439985478882  -0.01168841438684   0.80448477015737
     92.5000000      -0.68658355995727   0.31563280658275   0.75565935010089
     93.0000000       0.47435125386840  -0.52222066871449   0.70549524369703
     93.5000000      -0.22382340768804   0.61715071303618   0.65648451651974
     94.0000000      -0.01830008047014  -0.61000456016259   0.61027899879020
     94.5000000       0.22020946461834   0.52323091603893   0.56768195303923
     95.0000000      -0.36403730144169  -0.38344910638384   0.52873090890122
     95.5000000       0.44277063581644   0.21679010985298   0.49299471363430
     96.0000000      -0.45720054515993  -0.04680231253897   0.45958981162938
     96.5000000       0.41392438880207  -0.10582006623633   0.42723680326422
     97.0000000      -0.32504786477097   0.22353245441799   0.39449064953469
     97.5000000       0.20810497822540  -0.29343680449418   0.35973996190852
     98.0000000      -0.08546068147457   0.30981384038205   0.32138472858923
     98.5000000      -0.01855193283372  -0.27756154712205   0.27818085241917
     99.0000000       0.08344560877383   0.21403478441192   0.22972605111717
     99.5000000      -0.10042726968112  -0.14735723015936   0.17832495556102
     100.000000       0.07984022999965   0.10832630697053   0.13456987444547
     100.500000      -0.05211838854444  -0.11680279559306   0.12790316447541
     101.000000       0.05848446305703   0.16751820064164   0.17743387490916
     101.500000      -0.13075049389696  -0.22441281824959   0.25972447834007
     102.000000       0.26918459558438   0.23124626077749   0.35487346987835
     102.500000      -0.43115126053338  -0.13825110657200   0.45277453321483
     103.000000       0.54266121716621  -0.06689433502682   0.54676873417834
     103.500000      -0.53046120298185   0.34258848915404   0.63147126678084
     104.000000       0.36001079306552  -0.60351876022855   0.70273940054011
     104.500000      -0.05717746422978   0.75567127855510   0.75783134248251
     105.000000      -0.29900488170680  -0.73715963405008   0.79549245462000
     105.500000       0.60850409779941   0.54379696044284   0.81608355652197
     106.000000      -0.78919376222733  -0.22705880311759   0.82120794833691
     106.500000       0.80285939336542  -0.12990056175607   0.81330028984357
     107.000000      -0.66018913794416   0.44337986534365   0.79525807311313
     107.500000       0.40785825105294  -0.65310574389580   0.76999705561882
     108.000000      -0.10810738316195   0.73218758646028   0.74012557587254
     108.500000      -0.17946331064263  -0.68458262754854   0.70771495237000
     109.000000       0.40910703677800   0.53590978146719   0.67421647963653
     109.500000      -0.55281352901208  -0.32311840555961   0.64031890638195
     110.000000       0.60001091785282   0.08663103089925   0.60623265918066
     110.500000      -0.55533120497935   0.13553696670898   0.57163188904092
     111.000000       0.43596808962389  -0.31148069081588   0.53580630448087
     111.500000      -0.26896041380352   0.41895451576631   0.49785800232029
     112.000000       0.08750028397989  -0.44815354669872   0.45661570397349
     112.500000       0.07396418820895   0.40432816199521   0.41103766703288
     113.000000      -0.18680146835658  -0.30801110527665   0.36022996759559
     113.500000       0.23575781270037   0.19194043924893   0.30401131305978
     114.000000      -0.22570059246783  -0.09288246857909   0.24406538142407
     114.500000       0.18252078702216   0.03891321328567   0.18662281710286
     115.000000      -0.14573178797435  -0.03639934304109   0.15020874208922
     115.500000       0.15151367594873   0.06306427577661   0.16411427993543
     116.000000      -0.21295447615970  -0.07455328804133   0.22562757294760
     116.500000       0.30727396575742   0.02452895819241   0.30825145550718
     117.000000      -0.38066481349212   0.10827955234240   0.39576528610587
     117.500000       0.37219305001457  -0.30244521899817   0.47958396238198
     118.000000      -0.24551903384449   0.49678756205528   0.55414571891585
     118.500000       0.01128089476820  -0.61581000527906   0.61591332278866
     119.000000       0.27393254821403   0.60364121377214   0.66288894690991
     119.500000      -0.53033723812213  -0.44856404403984   0.69459865227654
     120.000000       0.68722294135848   0.18612998192045   0.71198296419164
     120.500000      -0.70714256044263   0.11808931484882   0.71693492526925
     121.000000       0.59308536691549  -0.39390489004561   0.71197704657603
     121.500000      -0.37979862395967   0.58786221209849   0.69987782874941
     122.000000       0.11728024162770  -0.67312488246066   0.68326551388456
     122.500000       0.14471230229573   0.64847278661808   0.66442351359652
     123.000000      -0.36640911527252  -0.53093685940703   0.64509657294997
     123.500000       0.52125271468600   0.34733225394321   0.62637375998424
     124.000000      -0.59507357539140  -0.12812905052525   0.60871143715032
     124.500000       0.58419948318388  -0.09596396154004   0.59202881523349
     125.000000      -0.49395083705009   0.29562403666511   0.57565701635319
     125.500000       0.33859614852805  -0.44416639186727   0.55850795469932
     126.000000      -0.14161603553639   0.52018578743362   0.53911812710108
     126.500000      -0.06491827984416  -0.51160624978293   0.51570857843832
     127.000000       0.24385171697334   0.42081445611379   0.48636248451664
     127.500000      -0.36012872175962  -0.26818737442755   0.44901799968215
     128.000000       0.39113593915933   0.09159537292052   0.40171760633871
     128.500000      -0.33731647114784   0.06127747046960   0.34283717723547
     129.000000       0.22759759943979  -0.14796121298924   0.27146489242626
     129.500000      -0.11409324508536   0.15008083819654   0.18852460467506
     130.000000       0.05290856749627  -0.08706157026937   0.10187754184449
     130.500000      -0.07669582998434   0.01450426719073   0.07805526313918
     131.000000       0.17109608754946  -0.00149966062499   0.17110265970091
     131.500000      -0.27296617128350   0.09333921849796   0.28848351837668
     132.000000       0.29663683507136  -0.27959454118350   0.40763527739974
     132.500000      -0.17997998808712   0.48818567501714   0.52030572686045
     133.000000      -0.07604445453337  -0.61582987487904   0.62050720693544
     133.500000       0.39936930744050   0.57923955717085   0.70357253237814
     134.000000      -0.67736656746647  -0.35914589975863   0.76668849217577
     134.500000       0.80888190258692   0.01041026269107   0.80894888954862
     135.000000      -0.74704644046600   0.36440802673561   0.83118685875215
     135.500000       0.51269907174042  -0.66005596943588   0.83578359696241
     136.000000      -0.17659796229310   0.80695259737005   0.82605044318634
     136.500000      -0.17348175722279  -0.78679458716565   0.80569326823691
     137.000000       0.46289170565618   0.62586020670280   0.77844057544514
     137.500000      -0.64637003828622  -0.37552624740646   0.74753875410263
     138.000000       0.70956431748890   0.09251024126919   0.71556946929923
     138.500000      -0.66174895922543   0.17441357458959   0.68434770404894
     139.000000       0.52622060160557  -0.39000064797263   0.65498750138701
     139.500000      -0.33235951391623   0.53277668439458   0.62794413917570
     140.000000       0.11082359329294  -0.59283509590587   0.60310473366413
     140.500000       0.10860474522807   0.56955451485888   0.57981664005286
     141.000000      -0.29792816157033  -0.47066097287960   0.55703046671492
     141.500000       0.43221207776537   0.31231685616099   0.53324393930784
     142.000000      -0.49230905233040  -0.11979538510267   0.50667458718427
     142.500000       0.46960659867574  -0.07368746866029   0.47535271173872
     143.000000      -0.37095781405891   0.23114015957021   0.43707604964984
     143.500000       0.22221776703720  -0.32033302614100   0.38986405787614
     144.000000      -0.06541954405731   0.32555620408999   0.33206408834162
     144.500000      -0.05197019696784  -0.25760729571582   0.26279729865220
     145.000000       0.09568307972539   0.15609464890530   0.18308684049544
     145.500000      -0.06336885108652  -0.07666712934339   0.09946587359381
     146.000000      -0.00853158228992   0.06641672731523   0.06696244890710
     146.500000       0.05719594995197  -0.13699872587975   0.14845884137896
     147.000000      -0.02414835345109   0.25243055428104   0.25358297992774
     147.500000      -0.11173780513038  -0.34153218797828   0.35934603451351
     148.000000       0.31694682062770   0.33181750307622   0.45886614873375
     148.500000      -0.51472752809884  -0.18742663156860   0.54778934856740
     149.000000       0.61910941632283  -0.07055601944794   0.62311686003504
     149.500000      -0.57348035303918   0.37135397401082   0.68321555115174
     150.000000       0.37396847768473  -0.62439081956189   0.72781612915283
     150.500000      -0.06791227769464   0.75472663685425   0.75777593907368
     151.000000      -0.26732014526031  -0.72716827166481   0.77474754299576
     151.500000       0.55248341839991   0.55195331088969   0.78095479063064
     152.000000      -0.72884130244609  -0.27409727595103   0.77867770022974
     152.500000       0.76882972712875  -0.04425464463572   0.77010234572341
     153.000000      -0.67587507322808   0.34127598537553   0.75715019170908
     153.500000       0.47702329755026  -0.56740328486981   0.74128113026487
     154.000000      -0.21344881418608   0.69136304274998   0.72356288818454
     154.500000      -0.06844764470666  -0.70110989700422   0.70444316147093
     155.000000       0.32359733291595   0.60264896817896   0.68403290324185
     155.500000      -0.51392116172908  -0.41729623668755   0.66200536978680
     156.000000       0.61188185968827   0.17854233614300   0.63739844368415
     156.500000      -0.60490507671187   0.07141779508958   0.60910643838926
     157.000000       0.49845458547796  -0.28758635599761   0.57546753682548
     157.500000      -0.31828484541273   0.42960130011503   0.53466112620979
     158.000000       0.10826725439286  -0.47278451853751   0.48502267920429
     158.500000       0.07853498841058   0.41772315884451   0.42504162365548
     159.000000      -0.19570506441344  -0.29547472083209   0.35440906152054
     159.500000       0.22329179462393   0.16003153536181   0.27471679573087
     160.000000      -0.17939317015244  -0.06727333776915   0.19159230535683
     160.500000       0.11498279286062   0.04794991834387   0.12458024451417
     161.000000      -0.08864589776845  -0.08996309496053   0.12629906431186
     161.500000       0.13500470794529   0.14339836721512   0.19695015330625
     162.000000      -0.24394518488520  -0.14671739453291   0.28466690550045
     162.500000       0.36472832693619   0.06101026505116   0.36979589628779
     163.000000      -0.43192531516982   0.10918710811167   0.44551240438661
     163.500000       0.39745580357229  -0.31791591579665   0.50896133970088
     164.000000      -0.25132274272408   0.49963089151384   0.55928002714675
     164.500000       0.02306134775399  -0.59643670907694   0.59688237844216
     165.000000       0.23291246088512   0.57809688776415   0.62325293908505
     165.500000      -0.45821627947601  -0.44736330364209   0.64038744852034
     166.000000       0.60720172394564   0.23319575330269   0.65044153689703
     166.500000      -0.65515296359428   0.02147648244923   0.65550487794124
     167.000000       0.59860989150432  -0.27157154555577   0.65733165644320
     167.500000      -0.45125735883731   0.47787500255615   0.65726533604996
     168.000000       0.23860736461503  -0.61143295216459   0.65634116847965
     168.500000       0.00724452145866   0.65508233523399   0.65512239240220
     169.000000      -0.25125063381988  -0.60349710654502   0.65370913914608
     169.500000       0.45848038015377   0.46338211978511   0.65186443983584
     170.000000      -0.59737247430215  -0.25340951121989   0.64889926292960
     170.500000       0.64383046057062   0.00402240359005   0.64384302565860
     171.000000      -0.58631172093190   0.24491444168352   0.63540893749402
     171.500000       0.43057960991601  -0.44863955239839   0.62183297472203
     172.000000      -0.20344427888694   0.56570703173723   0.60117719548297
     172.500000      -0.04848119732922  -0.56898649069353   0.57104820557132
     173.000000       0.26550834530720   0.45716970907620   0.52867648361222
     173.500000      -0.39109693922947  -0.26364142551433   0.47166048925247
     174.000000       0.39453150681976   0.05296828037698   0.39807128582650
     174.500000      -0.29106821937267   0.09904488224239   0.30745828501959
     175.000000       0.14412137295371  -0.14055549754262   0.20131273688348
     175.500000      -0.03959554161146   0.07438042146463   0.08426300500670
     176.000000       0.04093771788630   0.03612377216776   0.05459691988900
     176.500000      -0.14989712224506  -0.09815213253649   0.17917306822960
     177.000000       0.30066485338408   0.04130305736607   0.30348854444320
     177.500000      -0.39397973310626   0.13952380917511   0.41795564767713
     178.000000       0.35198054657594  -0.37979251920898   0.51781527866123
     178.500000      -0.15807460964300   0.57868866990365   0.59989012234629
     179.000000      -0.13646709523426  -0.64876204589415   0.66295962190350
     179.500000       0.44061481714993   0.55374322721588   0.70765314863959
     180.000000      -0.66425150564887  -0.31635916836042   0.73573989028902
     180.500000       0.74984287760721   0.00130768760694   0.74984401787648
     181.000000      -0.68469788977900   0.31350942624025   0.75305999801431
     181.500000       0.49426717347933  -0.56183125556005   0.74830100795297
     182.000000      -0.22677809716354   0.70261315733619   0.73830451320241
     182.500000      -0.06353252239494  -0.72264366996928   0.72543108228731
     183.000000       0.32836995833651   0.63119477120265   0.71150099699964
     183.500000      -0.53147508270665  -0.45228733856408   0.69787506056845
     184.000000       0.64993966832775   0.21740273896248   0.68533606601023
     184.500000      -0.67294716610802   0.03912796175044   0.67408373794623
     185.000000       0.60074120545316  -0.28275428631947   0.66395781670325
     185.500000      -0.44381675659641   0.48066740867560   0.65422814919467
     186.000000       0.22352441641171  -0.60362485858460   0.64368170288852
     186.500000       0.02768131053517   0.63021721042006   0.63082484673845
     187.000000      -0.26792098880311  -0.55198071542903   0.61356692091961
     187.500000       0.45076892272255   0.37987635093784   0.58949017268679
     188.000000      -0.53578119841287  -0.14843630262934   0.55596297404684
     188.500000       0.50307613273642  -0.08670738155517   0.51049364868251
     189.000000      -0.36696281702892   0.26269709308976   0.45129975825343
     189.500000       0.17828061001437  -0.33274417525895   0.37749524775268
     190.000000      -0.00948723017493   0.28953097868114   0.28968637377766
     190.500000      -0.07647137676768  -0.17385135398693   0.18992673521081
     191.000000       0.05706807086174   0.05883527497427   0.08196556772925
     191.500000       0.03553926382824  -0.01540847785157   0.03873577755972
     192.000000      -0.12939360464528   0.07458388086212   0.14935012623883
     192.500000       0.14956467607277  -0.21137522331367   0.25893836594768
     193.000000      -0.05571571283789   0.35637847726605   0.36070744338800
     193.500000      -0.13762969002368  -0.43009074539116   0.45157500024596
     194.000000       0.36955964705116   0.37957679051817   0.52976680967069
     194.500000      -0.56013829245866  -0.19932565113881   0.59454656830261
     195.000000       0.64250498580988  -0.06972280194282   0.64627697305513
     195.500000      -0.58457780783303   0.35890801732891   0.68596368585650
     196.000000       0.39501022855081  -0.59596831677437   0.71499043018675
     196.500000      -0.11564823264198   0.72594890234296   0.73510293328633
     197.000000      -0.19405143300907  -0.72234606613210   0.74795708293284
     197.500000       0.47278651165276   0.58883755603586   0.75515346321067
     198.000000      -0.67063090343099  -0.35388768901175   0.75827587662456
     198.500000       0.75602218413931   0.06122411575168   0.75849715573649
     199.000000      -0.71792572374115   0.23905935019365   0.75668138454984
     199.500000       0.56483850398341  -0.49845587654255   0.75332648728292
     200.000000      -0.32192265950529   0.67552713868705   0.74831217670547
     200.500000       0.02831014014487  -0.74038115155880   0.74092220483567
     201.000000       0.26637433437299   0.67946832573272   0.72981675212801
     201.500000      -0.50768338815611  -0.50074050790317   0.71308027518982
     202.000000       0.64606958611384   0.23738928211284   0.68830195507739
     202.500000      -0.65066430106613   0.05324335256299   0.65283909753784
     203.000000       0.52445117156925  -0.30093645728035   0.60465840164576
     203.500000      -0.31015968645358   0.44521662587586   0.54260194899878
     204.000000       0.07976512463143  -0.46003363066587   0.46689765093764
     204.500000       0.09345803697099   0.36821116504560   0.37988664985586
     205.000000      -0.16781215740624  -0.23132030056356   0.28577963822874
     205.500000       0.15050200736952   0.11997482250984   0.19247028928778
     206.000000      -0.09080585628851  -0.07907488367485   0.12040988648978
     206.500000       0.05048032881657   0.10836049298663   0.11954187566595
     207.000000      -0.07193349612865  -0.16835447977866   0.18307828578735
     207.500000       0.15930007876994   0.20418975489082   0.25897870780912
     208.000000      -0.28099721951346  -0.17385836960388   0.33043330651679
     208.500000       0.38775925748799   0.06504085413292   0.39317623844019
     209.000000      -0.43426152067737   0.10317403931617   0.44634958354393
     209.500000       0.39489496842474  -0.29106160689341   0.49056996962162
     210.000000      -0.26869578474486   0.45329770886552   0.52694993842147
     210.500000       0.07643786464307  -0.55152710022158   0.55679878720236
     211.000000       0.14729332389953   0.56262790505078   0.58158875746286
     211.500000      -0.36301328620853  -0.48089126842200   0.60252390658664
     212.000000       0.53352254388106   0.31705196996273   0.62061925242984
     212.500000      -0.62956621735791  -0.09508613019739   0.63670636418545
     213.000000       0.63341423382499  -0.15216679321628   0.65143558742966
     213.500000      -0.54059026595561   0.38755967180062   0.66516188619927
     214.000000       0.36071520569155  -0.57424094775771   0.67813577231906
     214.500000      -0.11661441322014   0.68053241600769   0.69045151213386
     215.000000      -0.15759876459961  -0.68390059104047   0.70182432917991
     215.500000       0.41899301139590   0.57503409131031   0.71149093442410
     216.000000      -0.62012584215229  -0.36217265197473   0.71814002112645
     216.500000       0.71540540432152   0.07492278742534   0.71931795237434
     217.000000      -0.67249571992026   0.23273184265277   0.71162813596402
     217.500000       0.48903122156966  -0.48847279509633   0.69119983161105
     218.000000      -0.20609308807463   0.62065953783358   0.65398212732148
     218.500000      -0.09312547997931  -0.58975535095232   0.59706258382038
     219.000000       0.31127675111018   0.41560559879645   0.51925064230357
     219.500000      -0.38189927422717  -0.17849275589666   0.42155274825676
     220.000000       0.30699695252182  -0.01550253975426   0.30738812208106
     220.500000      -0.15850722538281   0.08956099315369   0.18205963856175
     221.000000       0.03894313931480  -0.03700247573605   0.05371918940462
     221.500000      -0.02404945578518  -0.07806534393478   0.08168582647693
     222.000000       0.12322849776511   0.16071844599896   0.20252328642841
     222.500000      -0.28014418535679  -0.13852664942008   0.31252263468231
     223.000000       0.40775552752049  -0.00347829798613   0.40777036280288
     223.500000      -0.43334407038029   0.22171643447913   0.48677023394194
     224.000000       0.32877304001222  -0.44045623131277   0.54963024256415
     224.500000      -0.11516998237501   0.58632066443001   0.59752493368721
     225.000000      -0.15223879833619  -0.61370334203792   0.63230407538411
     225.500000       0.40752844754890   0.51439811968486   0.65626584635873
     226.000000      -0.59472321154484  -0.31251317933022   0.67183345079364
     226.500000       0.67926060617413   0.05163017610289   0.68121996901475
     227.000000      -0.65068969770928   0.21851286751033   0.68639999706627
     227.500000       0.51947895855234  -0.45291862002997   0.68919784151467
     228.000000      -0.31028055594421   0.61730303236680   0.69089583669775
     228.500000       0.05623277469029  -0.69019267324076   0.69247963951628
     229.000000       0.20645339320810   0.66336700291011   0.69475087917690
     229.500000      -0.44178536694638  -0.54019092190224   0.69783991183762
     230.000000       0.61620132173325   0.33556200589672   0.70164515868580
     230.500000      -0.70166581728575  -0.07513904168824   0.70567754302734
     231.000000       0.67838658533018  -0.20466589509612   0.70858767119633
     231.500000      -0.54082613399211   0.45788782054140   0.70862836762933
     232.000000       0.30382522825548  -0.63406216295720   0.70309643422397
     232.500000      -0.00880114406566   0.68864959498825   0.68870583329484
     233.000000      -0.27855993012786  -0.60087839282187   0.66230693612028
     233.500000       0.48364337134563   0.38935708412649   0.62089439489018
     234.000000      -0.55051241660805  -0.11672997519790   0.56275199506473
     234.500000       0.47038591520226  -0.12900410071863   0.48775502788069
     235.000000      -0.29090477848158   0.27050813472561   0.39724078478442
     235.500000       0.09798225744296  -0.27748140808775   0.29427275546333
     236.000000       0.02497815078263   0.18122492626754   0.18293819152161
     236.500000      -0.03673283556937  -0.05725000528142   0.06802105786953
     237.000000      -0.04449820315116  -0.01428837114090   0.04673593514141
     237.500000       0.15536455350871  -0.01274181027341   0.15588617070158
     238.000000      -0.22069064154029   0.13218904547570   0.25725143927147
     238.500000       0.18870623448982  -0.29319624233582   0.34867474737235
     239.000000      -0.05012633627758   0.42613311979859   0.42907118917248
     239.500000      -0.16200960530141  -0.47098153223346   0.49806697934605
     240.000000       0.38811523778752   0.39824044599371   0.55608352846325
     240.500000      -0.56446201457107  -0.21523928332848   0.60410703934103
     241.000000       0.64201822947233  -0.04034440537491   0.64328460110579
     241.500000      -0.59776837690062   0.31358488276582   0.67502778544416
     242.000000       0.43698915809293  -0.54805235067218   0.70094286740652
     242.500000      -0.18802297830759   0.69743716335470   0.72233734307449
     243.000000      -0.10546503216469  -0.73298449424468   0.74053301196681
     243.500000       0.39376757099247   0.64599054800930   0.75654258841301
     244.000000      -0.62784496518182  -0.44701970572987   0.77072428118944
     244.500000       0.76559936598892   0.16484221363997   0.78314452344402
     245.000000      -0.77752623656004   0.15658640423582   0.79313703137019
     245.500000       0.65268903218914  -0.46127659858685   0.79923655643611
     246.000000      -0.40571603538575   0.68911593500979   0.79967885632518
     246.500000       0.07980147320980  -0.78781679894879   0.79184820757035
     247.000000       0.25589418341204   0.72966077415320   0.77323132272430
     247.500000      -0.52247703498796  -0.52648428186812   0.74173307270473
     248.000000       0.65564882323377   0.23287523521813   0.69577744616057
     248.500000      -0.63167461393311   0.06762725275841   0.63528439552943
     249.000000       0.47878232590996  -0.29332264995097   0.56148970834559
     249.500000      -0.26570048422960   0.39624601620116   0.47708243802841
     250.000000       0.07106204256168  -0.37948866402999   0.38608478346123
     250.500000       0.05007320647666   0.28952802386683   0.29382614351192
     251.000000      -0.08576888040113  -0.18993066440052   0.20839855595682
     251.500000       0.06385671774849   0.13014506898970   0.14496695962854
     252.000000      -0.03113206002303  -0.12757400546562   0.13131767600677
     252.500000       0.02930645866494   0.16651236361717   0.16907168821792
     253.000000      -0.07780258012496  -0.21184069105569   0.22567613932592
     253.500000       0.17056159536284   0.22667031102284   0.28367355835874
     254.000000      -0.28161631117111  -0.18614188646471   0.33757450824116
     254.500000       0.37678706753057   0.08470820256860   0.38619162839281
     255.000000      -0.42467028377095   0.06485320843066   0.42959374828069
     255.500000       0.40447664371904  -0.23610638006010   0.46834557542407
     256.000000      -0.31014275866105   0.39636387974615   0.50328208384296
     256.500000       0.15044907862898  -0.51358148036227   0.53516433198730
     257.000000       0.05306899569714   0.56237192335532   0.56487033776139
     257.500000      -0.27056338119059  -0.52794935459503   0.59324115185866
     258.000000       0.46828214817369   0.40792394497824   0.62103954397830
     258.500000      -0.61314819574180  -0.21259566397709   0.64895887873061
     259.000000       0.67660864217731  -0.03588275641253   0.67755946372018
     259.500000      -0.63789220332110   0.30492460297112   0.70702579624434
     260.000000       0.48754798160420  -0.55231271366357   0.73671729180245
     260.500000      -0.23345329650150   0.72856188755024   0.76505089088125
     261.000000      -0.09179040911014  -0.78363535671387   0.78899293501062
     261.500000       0.42586684304542   0.68240293292662   0.80438568539745
     262.000000      -0.68449718734362  -0.42636455158852   0.80642614685574
     262.500000       0.78736038727021   0.06974443295481   0.79044333469926
     263.000000      -0.69622251029211   0.28668562624052   0.75293720331138
     263.500000       0.44324510799414  -0.53193197813440   0.69240006869058
     264.000000      -0.12551582939614   0.59669809633451   0.60975637889097
     264.500000      -0.13839008714525  -0.48891693666564   0.50812556241404
     265.000000       0.26597481221519   0.28876887599519   0.39259401991935
     265.500000      -0.24908635657543  -0.10409817788110   0.26996378214529
     266.000000       0.14843881605715   0.01336023967940   0.14903884767650
     266.500000      -0.05311005193042  -0.03173198792365   0.06186757368476
     267.000000       0.03131675638816   0.11404353069452   0.11826523632897
     267.500000      -0.10107542344410  -0.18831027026314   0.21372177968326
     268.000000       0.23073147946193   0.19346715390411   0.30110887608048
     268.500000      -0.36080996546509  -0.10533781856006   0.37587216869291
     269.000000       0.43372348405350  -0.05966341464327   0.43780793010909
     269.500000      -0.41432053528757   0.25730092291068   0.48771433328503
     270.000000       0.29836796882319  -0.43466513698483   0.52721648886365
     270.500000      -0.10795344434840   0.54769792683770   0.55823558217745
     271.000000      -0.11883097795258  -0.57023021929196   0.58248030379999
     271.500000       0.33927831911000   0.49717806993408   0.60191013535368
     272.000000      -0.51562351415141  -0.34092664120092   0.61814123226524
     272.500000       0.61976641619489   0.12629697763532   0.63250402149146
     273.000000      -0.63590705007265   0.11500957089256   0.64622362826578
     273.500000       0.56037923043216  -0.34913968331864   0.66024495482175
     274.000000      -0.40072498935403   0.54371099897204   0.67542739616925
     274.500000       0.17403923103993  -0.66998034292818   0.69221623344959
     275.000000       0.09347941159248   0.70450486241752   0.71067960542118
     275.500000      -0.36663882734244  -0.63146878154083   0.73018959988190
     276.000000       0.60090517592978   0.44715666900303   0.74902344228541
     276.500000      -0.74566818208698  -0.16803901975541   0.76436781063652
     277.000000       0.75531298480508  -0.16156016280894   0.77239846661034
     277.500000      -0.60866688521787   0.46958320608987   0.76875468428001
     278.000000       0.32932324802248  -0.67340598519706   0.74961951854744
     278.500000       0.01008532888991   0.71218234051179   0.71225374691585
     279.000000      -0.30858799287186  -0.57830689587789   0.65548868423841
     279.500000       0.47851518885683   0.32826985350345   0.58029120507369
     280.000000      -0.48563063367660  -0.05983383371009   0.48930276927643
     280.500000       0.36308999956587  -0.13250645707966   0.38651301265617
     281.000000      -0.19144096816972   0.19990562599629   0.27678855395180
     281.500000       0.05642337677395  -0.15510450089102   0.16504848876384
     282.000000      -0.01081828495713   0.05726042384677   0.05827341957124
     282.500000       0.05661868402658   0.02108486682707   0.06041727393732
     283.000000      -0.15265298380474  -0.02780678252037   0.15516491426423
     283.500000       0.23880309339511  -0.05098811033364   0.24418579977236
     284.000000      -0.26198527477839   0.19078149981648   0.32408928534115
     284.500000       0.19543058661252  -0.34294525711841   0.39472086791013
     285.000000      -0.04381093916006   0.45445397938936   0.45656085878326
     285.500000      -0.16141530616876  -0.48420020855651   0.51039665264549
     286.000000       0.37392536162703   0.41353123288512   0.55751973654696
     286.500000      -0.54553639292486  -0.24779368660126   0.59917582321462
     287.000000       0.63645852216790   0.01290216093782   0.63658928375917
     287.500000      -0.62192296801703   0.25117307687031   0.67072803183675
     288.000000       0.49573241646967  -0.49755079912523   0.70235847431992
     288.500000      -0.27102750493099   0.67990517522987   0.73193370993108
     289.000000      -0.02072911513834  -0.75909509795100   0.75937807707864
     289.500000       0.33230497856120   0.71034885300763   0.78423344212410
     290.000000      -0.60673376321700  -0.53007736043223   0.80567230774693
     290.500000       0.78627125330624   0.24065542637117   0.82227581626706
     291.000000      -0.82525917557071   0.10841305509634   0.83234974462600
     291.500000       0.70387360555032  -0.44648279755700   0.83353760629304
     292.000000      -0.44055382226557   0.69558072448466   0.82335910427189
     292.500000       0.09473207797853  -0.79428354842655   0.79991282143694
     293.000000       0.24680971911148   0.72069740973560   0.76178723660055
     293.500000      -0.49753283280410  -0.50503257502359   0.70894063330650
     294.000000       0.60389068416289   0.22024005575214   0.64279828918288
     294.500000      -0.56400054583750   0.04692835599239   0.56594954395347
     295.000000       0.42382890541361  -0.23021512677170   0.48231726659805
     295.500000      -0.25166447625649   0.30629154932951   0.39642088971208
     296.000000       0.10752899927968  -0.29434060053982   0.31336699700548
     296.500000      -0.02227497693160   0.23845535309142   0.23949348637334
     297.000000      -0.00629762275160  -0.18375654945779   0.18386443245216
     297.500000       0.00314527503088   0.15872796147743   0.15875912102868
     298.000000       0.00021451752637  -0.16897487719572   0.16897501336315
     298.500000       0.02107905085204   0.20121563228542   0.20231672461970
     299.000000      -0.07746367436251  -0.23176485179846   0.24436768889300
     299.500000       0.16388067968717   0.23679833064558   0.28797626043002
     300.000000      -0.26341303076674  -0.19935296687287   0.33034531959562
     300.500000       0.35285766964125   0.11375921052645   0.37074208420984
     301.000000      -0.40930057335995   0.01405263006895   0.40954173873323
     301.500000       0.41439005379131  -0.16884100010297   0.44746664679832
     302.000000      -0.35714435377319   0.32880640578178   0.48545416046750
     302.500000       0.23520781120204  -0.46898804139117   0.52466417584811
     303.000000      -0.05489617695798   0.56333493129501   0.56600338785360
     303.500000      -0.16759016929025  -0.58660341304349   0.61007378982956
     304.000000       0.40470059564885   0.51738641652826   0.65686473198558
     304.500000      -0.61584385838698  -0.34385532917548   0.70533690199460
     305.000000       0.74987194583606   0.07345969644991   0.75346152002240
     305.500000      -0.75536567135282   0.25769121164375   0.79811155737573
     306.000000       0.59937500062983  -0.58121214888926   0.83489996610162
     306.500000      -0.29132506730209   0.80813458936673   0.85904121517510
     307.000000      -0.10400767796819  -0.85965615901359   0.86592511732039
     307.500000       0.47770152407278   0.70509657771662   0.85168065024934
     308.000000      -0.71647064907807  -0.38701287673167   0.81431514645527
     308.500000       0.75369123727086   0.01087626797293   0.75376970909151
     309.000000      -0.60201164107132   0.29942525229805   0.67236411095413
     309.500000       0.34553667452354  -0.45910156806519   0.57460407520370
     310.000000      -0.09447950329169   0.45664321308123   0.46631470124305
     310.500000      -0.06830091156596  -0.34814513514482   0.35478169294053
     311.000000       0.11979251021101   0.21821603198875   0.24893469448747
     311.500000      -0.09313058333557  -0.13502207712348   0.16402520191472
     312.000000       0.04871399760533   0.12282853677441   0.13213592626093
     312.500000      -0.03878587199049  -0.16224204243233   0.16681374103676
     313.000000       0.08649345189935   0.21000507778283   0.22711946177296
     313.500000      -0.18195252808791  -0.22276797962033   0.28763222215479
     314.000000       0.29316327354806   0.17527896924658   0.34156613125068
     314.500000      -0.38185229364743  -0.06591968091693   0.38750042386556
     315.000000       0.41697079390031  -0.08619748224838   0.42578709340680
     315.500000      -0.38303412750287   0.25058720874274   0.45772163158121
     316.000000       0.28080920748050  -0.39497799405697   0.48462503731760
     316.500000      -0.12477439590940   0.49245776876264   0.50801899953568
     317.000000      -0.06243217919766  -0.52579389141928   0.52948748167751
     317.500000       0.25492302177836   0.48789035639202   0.55047501931781
     318.000000      -0.42747252123824  -0.38083816951520   0.57251241713475
     318.500000       0.55743496147072   0.21355601317943   0.59694213039034
     319.000000      -0.62484170508957  -0.00053690270774   0.62484193575957
     319.500000       0.61228423004854  -0.23789750443289   0.65687685374166
     320.000000      -0.50575648385635   0.47345799618587   0.69278574979215
     320.500000       0.29983284279933  -0.66642724950286   0.73077015025320
     321.000000      -0.00867811846917   0.76765537559155   0.76770442581423
     321.500000      -0.32345846545161  -0.73073627634245   0.79912507433764
     322.000000       0.62153646290196   0.53491527731885   0.82002556583669
     322.500000      -0.79924379500054  -0.20747394955664   0.82573366383568
     323.000000       0.79415957967510  -0.17151081326275   0.81246870527780
     323.500000      -0.60256578173412   0.49280541958193   0.77842321579342
     324.000000       0.28865908561235  -0.66378625364401   0.72383441354588
     324.500000       0.04081702273278   0.64950158363761   0.65078286431999
     325.000000      -0.28403733914144  -0.48615444033889   0.56304826603744
     325.500000       0.38678347563430   0.25847711923676   0.46520090089410
     326.000000      -0.35769425106062  -0.05755007790425   0.36229433987934
     326.500000       0.25295092034888  -0.05807158693337   0.25953126461816
     327.000000      -0.14272443044200   0.07847048656733   0.16287381713188
     327.500000       0.08065744582641  -0.03497046566390   0.08791221209815
     328.000000      -0.08636700618669  -0.02156732359855   0.08901915077587
     328.500000       0.14584310139512   0.04465624399255   0.15252668734379
     329.000000      -0.22303189451875  -0.00817620068233   0.22318171123598
     329.500000       0.27648295801718  -0.08773104944443   0.29006820423919
     330.000000      -0.27345293799862   0.22102007930050   0.35160543902800
     330.500000       0.19819006947498  -0.35653288861601   0.40791543768700
     331.000000      -0.05452971538127   0.45648614876663   0.45973154544294
     331.500000      -0.13640273110075  -0.48908367249269   0.50774850442978
     332.000000       0.34069765610792   0.43513196420531   0.55264339238844
     332.500000      -0.51849848435819  -0.29194195725645   0.59503847328426
     333.000000       0.63096446924870   0.07439557842134   0.63533523713308
     333.500000      -0.64762851265107   0.18642329173617   0.67392605981694
     334.000000       0.55251396477388  -0.44776347863908   0.71117073482612
     334.500000      -0.34785443910864   0.66115491548318   0.74708000446750
     335.000000       0.05663692165333  -0.77890868662549   0.78096509716825
     335.500000       0.27590820684164   0.76280745358298   0.81117233054655
     336.000000      -0.58454125488860  -0.59638540276545   0.83508324572970
     336.500000       0.79549011754252   0.29827236263924   0.84957102670831
     337.000000      -0.84844286802746   0.07227950272223   0.85151607549150
     337.500000       0.72210062361902  -0.42628333913537   0.83853848799883
     338.000000      -0.44898299541994   0.67371494936452   0.80961568856680
     338.500000       0.10715417606558  -0.75779796416661   0.76533637829607
     339.000000       0.20959149735518   0.67599689380315   0.70774317106921
     339.500000      -0.42729760632022  -0.47636493704076   0.63992718148930
     340.000000       0.51551922109584   0.23318609689748   0.56580546401174
     340.500000      -0.48931149709986  -0.01526102072772   0.48954942543911
     341.000000       0.39207478856875  -0.13612881665850   0.41503457031442
     341.500000      -0.27286245639171   0.21262863842402   0.34592608746114
     342.000000       0.16842514419045  -0.23073600762159   0.28566787430287
     342.500000      -0.09582314281789   0.21766298759148   0.23782188895631
     343.000000       0.05393798529286  -0.19891756585281   0.20610071388101
     343.500000      -0.03022532803845   0.19029071727942   0.19267622463020
     344.000000       0.00910372330143  -0.19612046647105   0.19633164581078
     344.500000       0.02236232535814   0.21156603895129   0.21274459436837
     345.000000      -0.07109525987914  -0.22647331412274   0.23737038144432
     345.500000       0.13813942930279   0.22928896685227   0.26768625711508
     346.000000      -0.21918660183139  -0.20855962313657   0.30255558633953
     346.500000       0.30510412173245   0.15469915811834   0.34208237987457
     347.000000      -0.38185631742722  -0.06057973744578   0.38663180384971
     347.500000       0.42983500822028  -0.07539693848132   0.43639756257807
     348.000000      -0.42567084713242   0.24548063694443   0.49138214580210
     348.500000       0.34652541026894  -0.42847023212146   0.55105952471242
     349.000000      -0.17827319798060   0.58792385219173   0.61435803005592
     349.500000      -0.07394474691121  -0.67525332750175   0.67928998365790
     350.000000       0.37540337386808   0.64095438838919   0.74279891027579
     350.500000      -0.65911333497019  -0.45482439472198   0.80080935207435
     351.000000       0.83855540482140   0.12904681686452   0.84842692549097
     351.500000      -0.83854254421342   0.26898543274420   0.88062861723004
     352.000000       0.63349942746023  -0.62938911215427   0.89300178000426
     352.500000      -0.27106957788887   0.83976986935039   0.88243535147093
     353.000000      -0.13878929218322  -0.83679110421889   0.84822274181054
     353.500000       0.47061217553779   0.63680956200974   0.79183472898796
     354.000000      -0.63817626948089  -0.32626062184338   0.71673910476140
     354.500000       0.62817082267745   0.01772315517469   0.62842079269595
     355.000000      -0.49331397312991   0.20266852341053   0.53332279762506
     355.500000       0.31532502255807  -0.30470078589579   0.43848881260160
     356.000000      -0.16315856623895   0.31137993825233   0.35153688808313
     356.500000       0.06836451507442  -0.27223256607701   0.28068537003954
     357.000000      -0.02503249218839   0.23369546565617   0.23503233040035
     357.500000       0.00508159520111  -0.22028436174558   0.22034296594047
     358.000000       0.02145492196745   0.23084152290954   0.23183641296359
     358.500000      -0.07217284442696  -0.24722131867084   0.25754087030610
     359.000000       0.14751306906419   0.24662815133957   0.28737701817980
     359.500000      -0.23387535073809  -0.21262003751305   0.31607745891619
     360.000000       0.31163625489917   0.14030144764859   0.34176256608920
     360.500000      -0.36238324695482  -0.03582823099575   0.36415007868982
     361.000000       0.37402864720329  -0.08698669140929   0.38401056419200
     361.500000      -0.34245571130087   0.21212025245412   0.40282864310248
     362.000000       0.26961699117056  -0.32503983473968   0.42230820036493
     362.500000      -0.16098922568374   0.41437820499751   0.44455239012203
     363.000000       0.02252129665731  -0.47132117140346   0.47185893592922
     363.500000       0.14036516869810   0.48648440412909   0.50632939480587
     364.000000      -0.31974185904393  -0.44635214608925   0.54905837098012
     364.500000       0.49790963626558   0.33410669400269   0.59961761887350
     365.000000      -0.64121109001063  -0.13781810757045   0.65585478021199
     365.500000       0.70089840002349  -0.13455158001833   0.71369650051049
     366.000000      -0.62885799097486   0.44103829735414   0.76809970221709
     366.500000       0.40369921729445  -0.70623557221446   0.81347510195779
     367.000000      -0.05516669548172   0.84258001568462   0.84438406375385
     367.500000      -0.33236214878876  -0.78978515424668   0.85686941117999
     368.000000       0.64729631682940   0.54847720650478   0.84842192795577
     368.500000      -0.79654021266433  -0.18817524946113   0.81846578114244
     369.000000       0.74733248862050  -0.17995965175879   0.76869455885212
     369.500000      -0.53795368069054   0.45120074818033   0.70212269421162
     370.000000       0.25544597328566  -0.56823203004096   0.62300905710297
     370.500000       0.00635071183485   0.53600831139394   0.53604593219630
     371.000000      -0.18296108298487  -0.40637990685315   0.44566734969141
     371.500000       0.25543462992486   0.24840581447847   0.35630366098535
     372.000000      -0.24507661173890  -0.11898169537031   0.27243199051252
     372.500000       0.19453949082424   0.04641017894472   0.19999879549596
     373.000000      -0.14688808738854  -0.02856281028720   0.14963938100703
     373.500000       0.13052431632818   0.04206821149113   0.13713617892811
     374.000000      -0.15291415700759  -0.05558652586105   0.16270402966934
     374.500000       0.20270488221660   0.04246292577383   0.20710473036539
     375.000000      -0.25658802048816   0.01186103760013   0.25686201835028
     375.500000       0.28761226634868  -0.10629991176713   0.30662760312132
     376.000000      -0.27360183667781   0.22583032432385   0.35476372477705
     376.500000       0.20250876320054  -0.34592858236109   0.40084458742431
     377.000000      -0.07558052654864   0.43879870483637   0.44526028271051
     377.500000      -0.09389368845667  -0.48018431567127   0.48927804135143
     378.000000       0.28450742515714   0.45247857680591   0.53449166264578
     378.500000      -0.46876895882959  -0.34527130446379   0.58219980285835
     379.000000       0.61305929562262   0.15703560367890   0.63285217924259
     379.500000      -0.67808738285276   0.09943683097781   0.68533946489241
     380.000000       0.62610987676032  -0.38861287937371   0.73690809996359
     380.500000      -0.43770289159777   0.65033386135088   0.78391195457946
     381.000000       0.12960879831008  -0.81194536561401   0.82222485813885
     381.500000       0.23767044180534   0.81425821277579   0.84823562527211
     382.000000      -0.57400652622842  -0.63976363470212   0.85952370557192
     382.500000       0.79041049994732   0.32540996427826   0.85477506004712
     383.000000      -0.83293560079611   0.04729857680854   0.83427745411326
     383.500000       0.70196139858092  -0.38286368198209   0.79958389433415
     384.000000      -0.44768642109638   0.60566712287223   0.75316385691455
     384.500000       0.14680992345617  -0.68264964022904   0.69825760642476
     385.000000       0.12699369372497   0.62532250233154   0.63808747846051
     385.500000      -0.32406416672407  -0.47589110082072   0.57575161658038
     386.000000       0.42644363616264   0.28681484583668   0.51392307850099
     386.500000      -0.44271111628655  -0.10353466601163   0.45465652920619
     387.000000       0.39702487262143  -0.04476308534234   0.39954034000264
     387.500000      -0.31726677055939   0.14631981825765   0.34938187262097
     388.000000       0.22771568007012  -0.20246060684211   0.30470432926474
     388.500000      -0.14520494296042   0.22262631280076   0.26579494090633
     389.000000       0.07920152727058  -0.21896797605853   0.23285157603324
     389.500000      -0.03289496916102   0.20468155093920   0.20730802273665
     390.000000       0.00346141925053  -0.19140883571582   0.19144013114630
     390.500000       0.01682711133223   0.18819216941365   0.18894296574470
     391.000000      -0.04048024283361  -0.19840338642136   0.20249087338280
     391.500000       0.08077964752632   0.21726403978741   0.23179519934464
     392.000000      -0.14793282207910  -0.23170033708597   0.27489846499033
     392.500000       0.24423735405515   0.22143717064959   0.32967606170475
     393.000000      -0.35949018807649  -0.16279930951748   0.39463503456060
     393.500000       0.46685512914291   0.03563824936688   0.46821340906149
     394.000000      -0.52279185477141   0.16460960863715   0.54809455997210
     394.500000       0.47668971134298  -0.41288436158798   0.63063981553988
     395.000000      -0.29327132297044   0.64753337982867   0.71084987646421
     395.500000      -0.01928891684705  -0.78260874421135   0.78284641458539
     396.000000       0.39413787195934   0.74275191709338   0.84084782954975
     396.500000      -0.72062848445594  -0.50482043024737   0.87985741992916
     397.000000       0.88825663345144   0.12094567920927   0.89645284549154
     397.500000      -0.83861754635996   0.29642463850111   0.88946442052131
     398.000000       0.59304167202246  -0.62263964861007   0.85987124430142
     398.500000      -0.24018970657337   0.77439547829284   0.81078940048831
     399.000000      -0.10819308138640  -0.73900460937139   0.74688255805852
     399.500000       0.36490769863572   0.56622385399512   0.67362235811818
     400.000000      -0.49417720219095  -0.33475154938119   0.59688332777720
