#    time[fs]         Re(autocorrel)     Im(autocorrel)     Abs(autocorrel)
     0.00000000       1.00000000000000   0.00000000000000   1.00000000000000
    0.500000000      -0.87969916387716   0.44595045713602   0.98627705496275
     1.00000000       0.56372961221944  -0.76052620878347   0.94667375052846
     1.50000000      -0.16280427349205   0.87047935022065   0.88557299565188
     2.00000000      -0.20194748968813  -0.78372645286335   0.80932684467346
     2.50000000       0.44951105515173   0.56897471364788   0.72511544837654
     3.00000000      -0.55824550784411  -0.31260407210305   0.63981196684927
     3.50000000       0.55309973394430   0.08173405192068   0.55910622508843
     4.00000000      -0.47850949688235   0.09067144642807   0.48702428050762
     4.50000000       0.37547610982002  -0.20091563857386   0.42585138589550
     5.00000000      -0.27091950608530   0.26125974941258   0.37636954637779
     5.50000000       0.17743868005405  -0.28800549384376   0.33827747436611
     6.00000000      -0.09783333873263   0.29485545832056   0.31066236249183
     6.50000000       0.02991493571934  -0.29088694458846   0.29242113109538
     7.00000000       0.03025658325148   0.28094523277171   0.28256978721583
     7.50000000      -0.08673903415439  -0.26667115233870   0.28042318651582
     8.00000000       0.14301635741035   0.24728243519575   0.28566113008819
     8.50000000      -0.20156877038642  -0.21990664724792   0.29831007810484
     9.00000000       0.26320476926751   0.17963892779464   0.31866423543343
     9.50000000      -0.32585323273723  -0.11973739206686   0.34715612099497
     10.0000000       0.38279129994351   0.03259842039115   0.38417682949970
     10.5000000      -0.42080525172282   0.08769195399765   0.42984524968112
     11.0000000       0.41961734040515  -0.24067110227323   0.48373680016937
     11.5000000      -0.35474029216011   0.41322100663481   0.54460286007890
     12.0000000       0.20580135741804  -0.57438268317471   0.61013905418854
     12.5000000       0.02994353137672   0.67621957406114   0.67688221088660
     13.0000000      -0.32393743586875  -0.66568524555213   0.74031905858422
     13.5000000       0.61217917094700   0.50761907873564   0.79526125671868
     14.0000000      -0.80971251291557  -0.20990695914333   0.83647790471049
     14.5000000       0.84343794210499  -0.16535350077696   0.85949365466041
     15.0000000      -0.68852647150272   0.51760693425998   0.86138588353536
     15.5000000       0.38590691268878  -0.74766381291923   0.84138298200635
     16.0000000      -0.02689346277674   0.80064743165684   0.80109897525763
     16.5000000      -0.28771161649930  -0.68648015499781   0.74433391530580
     17.0000000       0.48950760161431   0.46692874842405   0.67649105547897
     17.5000000      -0.56205870333695  -0.22050028419387   0.60376349784199
     18.0000000       0.53221890656273   0.00828674230938   0.53228341567339
     18.5000000      -0.44526933811284   0.14209453350285   0.46739238324436
     19.0000000       0.34138391840083  -0.23262598500647   0.41310752673237
     19.5000000      -0.24392000121066   0.28058956307276   0.37178955054704
     20.0000000       0.15964696038282  -0.30475571295043   0.34403952757699
     20.5000000      -0.08514963345240   0.31771551231210   0.32892796603636
     21.0000000       0.01366600264632  -0.32430962158938   0.32459742803013
     21.5000000       0.06046370809738   0.32341680502711   0.32902019660020
     22.0000000      -0.13988888781965  -0.31050581368338   0.34056241904620
     22.5000000       0.22384023448944   0.27964434811440   0.35819744835581
     23.0000000      -0.30817432795493  -0.22480109204108   0.38145372903320
     23.5000000       0.38530612502110   0.14085853767167   0.41024619146773
     24.0000000      -0.44398319848587  -0.02489213225067   0.44468044569750
     24.5000000       0.46929439898231  -0.12183609180167   0.48485179816277
     25.0000000      -0.44370064391945   0.29102712952506   0.53062892074795
     25.5000000       0.35017893509317  -0.46412976868167   0.58141356086652
     26.0000000      -0.17843834892342   0.61034387583945   0.63589298717727
     26.5000000      -0.06604937940893  -0.68867860768221   0.69183866992198
     27.0000000       0.35316584790993   0.65714607224591   0.74603423272540
     27.5000000      -0.62556895640034  -0.48965396607589   0.79441646867727
     28.0000000       0.80922797756330   0.19534786216445   0.83247264635147
     28.5000000      -0.83862232116042   0.17091424045171   0.85586159812067
     29.0000000       0.68765311637970  -0.51836118466071   0.86114175733707
     29.5000000      -0.38877520368435   0.75186542460473   0.84643238106529
     30.0000000       0.02552973765641  -0.81143161142637   0.81183312788208
     30.5000000       0.30095706477522   0.69731396147991   0.75948792993235
     31.0000000      -0.51350570829610  -0.46578035111745   0.69328165123547
     31.5000000       0.58527889594899   0.19924462120023   0.61826354018371
     32.0000000      -0.53911561111309   0.03021312887549   0.53996154983692
     32.5000000       0.42559651654143  -0.18423844285889   0.46376308468793
     33.0000000      -0.29604709829599   0.26072251379945   0.39448715265694
     33.5000000       0.18450940846937  -0.28100510142304   0.33616601380790
     34.0000000      -0.10324372858189   0.27303409172988   0.29190218008479
     34.5000000       0.04803096180805  -0.25913792667713   0.26355158571848
     35.0000000      -0.00677565469386   0.25110672879287   0.25119812646910
     35.5000000      -0.03334193184191  -0.25081493475840   0.25302137442677
     36.0000000       0.08181396559875   0.25326165697691   0.26614843952517
     36.5000000      -0.14330988153414  -0.24970228017167   0.28790441272801
     37.0000000       0.21745290173919   0.22995482344752   0.31648852317513
     37.5000000      -0.29884938253508  -0.18403998518799   0.35097246272264
     38.0000000       0.37696565989608   0.10377962347456   0.39099017761244
     38.5000000      -0.43620408615767   0.01518985008006   0.43646848262630
     39.0000000       0.45657049086710  -0.17010668383063   0.48722981950459
     39.5000000      -0.41679360079653   0.34808819842276   0.54303066169982
     40.0000000       0.29918643927144  -0.52386249474437   0.60327807754278
     40.5000000      -0.09729479665224   0.65975817853323   0.66689364339232
     41.0000000      -0.17561263510380  -0.71075754621076   0.73213119528104
     41.5000000       0.47975740360475   0.63567036295862   0.79639436001112
     42.0000000      -0.74922308631153  -0.41426551822191   0.85612566405279
     42.5000000       0.90458418662661   0.06551675602857   0.90695369011622
     43.0000000      -0.87945138523706   0.34325554258587   0.94406520246820
     43.5000000       0.65302007640065  -0.70758018521229   0.96286288675354
     44.0000000      -0.27124022440875   0.92068560773549   0.95980896413223
     44.5000000      -0.16117461633137  -0.91921418858465   0.93323736607838
     45.0000000       0.52076488382169   0.71419913141862   0.88389844639581
     45.5000000      -0.71779663069512  -0.38605897503701   0.81502977567933
     46.0000000       0.73056361567047   0.04497366275500   0.73194660111453
     46.5000000      -0.60277144549962   0.21881589549507   0.64125955090822
     47.0000000       0.41059061934792  -0.36589528943910   0.54996728950932
     47.5000000      -0.22345503769542   0.40740063676352   0.46465840432169
     48.0000000       0.08034990625002  -0.38258981463276   0.39093615040710
     48.5000000       0.01216914846167   0.33284126454339   0.33306365090944
     49.0000000      -0.06787665546112  -0.28559253812444   0.29354784650708
     49.5000000       0.10643287622524   0.25095494693348   0.27259189740703
     50.0000000      -0.14357876073885  -0.22606922312442   0.26780992173440
     50.5000000       0.18737316533652   0.20183954121028   0.27540498086309
     51.0000000      -0.23845954245837  -0.16803802871216   0.29171858439757
     51.5000000       0.29199613634077   0.11624198969538   0.31428322227933
     52.0000000      -0.33927199895840  -0.04115653251461   0.34175919804133
     52.5000000       0.36892694614803  -0.05861485421527   0.37355427012522
     53.0000000      -0.36798093461939   0.17951951677915   0.40943525147205
     53.5000000       0.32342348728489  -0.31171321858718   0.44918579983065
     54.0000000      -0.22507763280873   0.43794512709058   0.49239808603727
     54.5000000       0.06993983079645  -0.53381557537762   0.53837779341980
     55.0000000       0.13293538754871   0.57071955377601   0.58599712143066
     55.5000000      -0.35877502344582  -0.52250209047795   0.63382012590512
     56.0000000       0.56755241877705   0.37464728391190   0.68005612665591
     56.5000000      -0.71014328682107  -0.13370227707870   0.72262008463165
     57.0000000       0.74054121955929  -0.16705131026783   0.75914915407221
     57.5000000      -0.63166679485350   0.46953803448845   0.78706346983694
     58.0000000       0.38973189843379  -0.70281804731844   0.80364429960855
     58.5000000      -0.06053967704948   0.80404194229855   0.80631786379348
     59.0000000      -0.27877480434519  -0.74249268533473   0.79310199805150
     59.5000000       0.54369707402157   0.53545012187827   0.76309458215812
     60.0000000      -0.67368940455986  -0.24515935271025   0.71691040028551
     60.5000000       0.65534387438197  -0.04513305609874   0.65689617630397
     61.0000000      -0.52384261691061   0.26496575635213   0.58704168449184
     61.5000000       0.34193414953051  -0.38192138987289   0.51262355647940
     62.0000000      -0.16963566276145   0.40574272617142   0.43977655453825
     62.5000000       0.04172824753608  -0.37271363127922   0.37504226106370
     63.0000000       0.03747323603302   0.32269990544295   0.32486839241710
     63.5000000      -0.08474183167126  -0.28193661985604   0.29439673172583
     64.0000000       0.12314420487144   0.25751159385377   0.28544126569669
     64.5000000      -0.17023624700697  -0.24122155314935   0.29524264173524
     65.0000000       0.23254581921990   0.21746008395196   0.31838097642455
     65.5000000      -0.30547414931249  -0.17070539414521   0.34993540473702
     66.0000000       0.37602575853966   0.09028640059869   0.38671307867512
     66.5000000      -0.42616372016527   0.02682134863864   0.42700690992992
     67.0000000       0.43635343679535  -0.17470733793595   0.47002869671094
     67.5000000      -0.38904096448675   0.33784940314263   0.51526215779214
     68.0000000       0.27296749406569  -0.49143821965546   0.56215903137335
     68.5000000      -0.08814052024353   0.60352405373499   0.60992625353030
     69.0000000      -0.14947499587804  -0.64014268731139   0.65736248334613
     69.5000000       0.40571921838999   0.57388389457120   0.70281634060343
     70.0000000      -0.63111166191565  -0.39477012559609   0.74440941817597
     70.5000000       0.77089610088823   0.11909943942071   0.78004196991893
     71.0000000      -0.78040642771435   0.20780590617647   0.80759983101763
     71.5000000       0.64160273937424  -0.51892267767912   0.82518774868644
     72.0000000      -0.37359161240733   0.74253626252057   0.83122246963080
     72.5000000       0.03175268027448  -0.82395351330567   0.82456511252500
     73.0000000       0.30613955908961   0.74406752882641   0.80458555610539
     73.5000000      -0.56298248765507  -0.52718017554871   0.77127700529568
     74.0000000       0.68661547184305   0.23387134917948   0.72535275152252
     74.5000000      -0.66572038674854   0.05938197928514   0.66836356333693
     75.0000000       0.53038710025989  -0.28624092053530   0.60269755326448
     75.5000000      -0.33701822515562   0.41090425244419   0.53143540413089
     76.0000000       0.14516769555489  -0.43462748818863   0.45822997863723
     76.5000000       0.00296781980743   0.38707645909042   0.38708783646143
     77.0000000      -0.09200947912521  -0.30902414971408   0.32243087531346
     77.5000000       0.13071188562338   0.23544140555598   0.26929213225305
     78.0000000      -0.14149637119589  -0.18554247429300   0.23333930836525
     78.5000000       0.14862471412187   0.16120846161372   0.21926576053655
     79.0000000      -0.16957010152064  -0.15138952192175   0.22731653410480
     79.5000000       0.21104150866459   0.13877661304917   0.25258160405862
     80.0000000      -0.26880131381820  -0.10609915612997   0.28898300510910
     80.5000000       0.32990601089976   0.04064985158142   0.33240094232926
     81.0000000      -0.37543674082450   0.06277265989372   0.38064833270495
     81.5000000       0.38382391710422  -0.19984541757812   0.43273431833887
     82.0000000      -0.33471106397464   0.35522803957317   0.48807628138031
     82.5000000       0.21414934226263  -0.50227130047807   0.54601868106820
     83.0000000      -0.02106923392017   0.60520282422459   0.60556946015086
     83.5000000      -0.22653715840442  -0.62553393517359   0.66529075462666
     84.0000000       0.48892238051613   0.53285722844755   0.72317488899876
     84.5000000      -0.70863567012864  -0.31836435077472   0.77686573667711
     85.0000000       0.82375400286160   0.00549098273699   0.82377230356570
     85.5000000      -0.78783155929258   0.34851617312163   0.86147669077272
     86.0000000       0.58904756483025  -0.66436843908573   0.88789777366860
     86.5000000      -0.25989097602871   0.86318670496368   0.90146248232925
     87.0000000      -0.12834856213142  -0.89197626360830   0.90116314185714
     87.5000000       0.48519754287762   0.74185359537944   0.88643297129105
     88.0000000      -0.72805215187786  -0.45240502251490   0.85716406845521
     88.5000000       0.80757444739994   0.09997493145934   0.81373919348500
     89.0000000      -0.72251990909509   0.22667514987603   0.75724278973795
     89.5000000       0.51787851406967  -0.45560015897785   0.68976058179317
     90.0000000      -0.26545487210376   0.55406112755765   0.61436961366435
     90.5000000       0.03559406731285  -0.53391775703680   0.53510289562577
     91.0000000       0.12712099699041   0.43870674807854   0.45675306094813
     91.5000000      -0.21304803822033  -0.32017469800189   0.38457938560216
     92.0000000       0.24057491131176   0.21724694069829   0.32414891823886
     92.5000000      -0.23993604093473  -0.14608433369893   0.28090912461451
     93.0000000       0.23771777149832   0.10228086139821   0.25878777694182
     93.5000000      -0.24819753418771  -0.06977309222805   0.25781834763244
     94.0000000       0.27203559230710   0.03058156055371   0.27374914671607
     94.5000000      -0.29952302229309   0.02831306406010   0.30085822322160
     95.0000000       0.31566029790057  -0.11191422070807   0.33491225189200
     95.5000000      -0.30414993619747   0.21672404820779   0.37346552285384
     96.0000000       0.25084650583470  -0.33088897346688   0.41522461662508
     96.5000000      -0.14704514950126   0.43539077912336   0.45955131001608
     97.0000000      -0.00725904155434  -0.50574014882711   0.50579224175540
     97.5000000       0.19980561798393   0.51566688864899   0.55302316861671
     98.0000000      -0.40405794760773  -0.44358159071193   0.60002287676679
     98.5000000       0.58079687047926   0.28074690126233   0.64509210763030
     99.0000000      -0.68505955205754  -0.03933537448329   0.68618791999788
     99.5000000       0.67848218542457  -0.24387853794056   0.72098184249434
     100.000000      -0.54424496234233   0.51195654553804   0.74719614797872
     100.500000       0.29801829848656  -0.70241238222707   0.76301904362783
     101.000000       0.01207664685370   0.76721946831311   0.76731451045701
     101.500000      -0.31846016114179  -0.68996426284955   0.75991286227039
     102.000000       0.55535534816199   0.49134786405389   0.74151351049219
     102.500000      -0.67839421165454  -0.22085343797568   0.71343881831034
     103.000000       0.67442902152485  -0.06021655591226   0.67711191001259
     103.500000      -0.56046502951396   0.29586809936853   0.63376571501781
     104.000000       0.37534048730799  -0.44790351831568   0.58437833903402
     104.500000      -0.16792559026045   0.50264525479790   0.52995401313242
     105.000000      -0.01605072400895  -0.47170533090382   0.47197833101139
     105.500000       0.14637730241687   0.38625770175843   0.41306334481596
     106.000000      -0.21601308436013  -0.28467261808601   0.35735158052361
     106.500000       0.23957015910178   0.19783517738118   0.31069698830451
     107.000000      -0.24338001579268  -0.13886474385536   0.28020929530132
     107.500000       0.25192780343653   0.10152144395042   0.27161410443152
     108.000000      -0.27742365910299  -0.06694998983849   0.28538778489884
     108.500000       0.31613637917697   0.01419083503160   0.31645472035983
     109.000000      -0.35143716721396   0.07049678452807   0.35843811059675
     109.500000       0.36036880530135  -0.18851945391326   0.40670045529612
     110.000000      -0.32064206233038   0.32783051319845   0.45856752776384
     110.500000       0.21695389335129  -0.46431046135128   0.51249702083088
     111.000000      -0.04654209261599   0.56558073174630   0.56749249378979
     111.500000      -0.17676602053840  -0.59692323847609   0.62254604540529
     112.000000       0.42053857462553   0.52964384093999   0.67629526909016
     112.500000      -0.63635885392354  -0.35158630743578   0.72702511823403
     113.000000       0.76882033633746   0.07656901385630   0.77262379166640
     113.500000      -0.77070387208725   0.25151788327205   0.81070691625021
     114.000000       0.62061516059718  -0.56421095086723   0.83874738428300
     114.500000      -0.33656302778919   0.78532209985742   0.85440357688805
     115.000000      -0.02270693293000  -0.85566474391746   0.85596597992352
     115.500000       0.37302452476641   0.75555004931754   0.84261686020453
     116.000000      -0.63219629746007  -0.51387469715612   0.81470200865072
     116.500000       0.74817245079331   0.19780496797750   0.77387907419871
     117.000000      -0.71394578372271   0.11291050858282   0.72281904031636
     117.500000       0.56303453848639  -0.35350864130166   0.66481294437122
     118.000000      -0.35049413103524   0.49079007061775   0.60309288613540
     118.500000       0.13158422997377  -0.52419914037075   0.54046197677841
     119.000000       0.05289032981155   0.47595062445992   0.47888034404365
     119.500000      -0.18123648775746  -0.37840127653173   0.41956428658252
     120.000000       0.24950116295532   0.26434916291870   0.36349870735929
     120.500000      -0.26775226978686  -0.16051037299952   0.31217760620592
     121.000000       0.25504128559617   0.08299754041678   0.26820635539410
     121.500000      -0.23331535731124  -0.03527347095258   0.23596667923737
     122.000000       0.22077933135282   0.00868192410862   0.22094996935693
     122.500000      -0.22624615722292   0.01332542236927   0.22663823715220
     123.000000       0.24667243733258  -0.04884502988012   0.25146198178569
     123.500000      -0.26849177083885   0.11095394448468   0.29051438657128
     124.000000       0.27151800378301  -0.20320239023770   0.33913601663142
     124.500000      -0.23432189459285   0.31714409584044   0.39431856133339
     125.000000       0.13998085550651  -0.43208535731357   0.45419422708036
     125.500000       0.01741207256737   0.51716467670248   0.51745771141212
     126.000000      -0.22708597941085  -0.53677983988248   0.58283843262884
     126.500000       0.45783879384712   0.45953905130515   0.64868520934720
     127.000000      -0.65951222602620  -0.27056378982813   0.71285422117302
     127.500000       0.77253932741486  -0.01651701005972   0.77271587535388
     128.000000      -0.74556304770519   0.35376180431804   0.82523431357270
     128.500000       0.55672966324142  -0.66479837583613   0.86712444230760
     129.000000      -0.23011107175894   0.86523408586638   0.89531063251313
     129.500000      -0.16353489777640  -0.89249052321374   0.90734943479184
     130.000000       0.52641894867970   0.73230593489019   0.90188075254128
     130.500000      -0.76796601183628  -0.42754037568237   0.87895538463243
     131.000000       0.83791184358445   0.06259651181879   0.84024673811385
     131.500000      -0.74125401965554   0.26985813882625   0.78884785399104
     132.000000       0.52831309198036  -0.50203911796515   0.72880587204349
     132.500000      -0.26820740033118   0.60773866943663   0.66429022265950
     133.000000       0.02259893616055  -0.59849625682345   0.59892276743105
     133.500000       0.16910584195071   0.50797591617437   0.53538427058987
     134.000000      -0.29133791838557  -0.37541184106738   0.47519662572753
     134.500000       0.34707444788603   0.23554909475866   0.41945684929086
     135.000000      -0.35180102594267  -0.11316108150374   0.36955296267438
     135.500000       0.32705207081034   0.02037097423873   0.32768587643163
     136.000000      -0.29370313103318   0.04364052069985   0.29692764139711
     136.500000       0.26584754194465  -0.08964109558365   0.28055381226326
     137.000000      -0.24687740234140   0.13261622306785   0.28024188553394
     137.500000       0.22981595299308  -0.18467627085369   0.29482316270358
     138.000000      -0.20136186483469   0.25026337502997   0.32121388122417
     138.500000       0.14716008302797  -0.32423374530137   0.35606686398618
     139.000000      -0.05672646155680   0.39278926418539   0.39686433135274
     139.500000      -0.07261443847341  -0.43589850685730   0.44190538009310
     140.000000       0.23276388714289   0.43114151411851   0.48996125597263
     140.500000      -0.40327566431672  -0.35906265245659   0.53996041504841
     141.000000       0.55217119891024   0.20967653956512   0.59064141757074
     141.500000      -0.64027896291105   0.01039208718354   0.64036329206356
     142.000000       0.63055562918546  -0.27302663291772   0.68712731264291
     142.500000      -0.50075741736880   0.52903115071074   0.72844488430643
     143.000000       0.25643621984645  -0.71709641846006   0.76156864970755
     143.500000       0.06211821776778   0.78112679089443   0.78359283842546
     144.000000      -0.38519843723711  -0.69198423307155   0.79197223112275
     144.500000       0.63342954962480   0.46340173016695   0.78484021167343
     145.000000      -0.74614000604869  -0.15244667411875   0.76155426403914
     145.500000       0.70512516893223  -0.15969015232029   0.72298163780955
     146.000000      -0.54057288844836   0.39884187855647   0.67178411101771
     146.500000       0.31440057739059  -0.52528264246886   0.61218426763729
     147.000000      -0.09103884236848   0.54177418122485   0.54936994299074
     147.500000      -0.08698883279702  -0.48082385015551   0.48862934000094
     148.000000       0.20638524171618   0.38205113255066   0.43423258270366
     148.500000      -0.27428676410162  -0.27498441088265   0.38839368582640
     149.000000       0.30445875743816   0.17537217032273   0.35135528045626
     149.500000      -0.30989908463637  -0.08969161014627   0.32261746324260
     150.000000       0.30171966614952   0.01942075133585   0.30234404661548
     150.500000      -0.28964296057547   0.03842116989043   0.29218013434639
     151.000000       0.27988200338816  -0.09194914448655   0.29459901729703
     151.500000      -0.27123130256035   0.15235662353930   0.31109316968535
     152.000000       0.25327433266149  -0.22801293112435   0.34078994167235
     152.500000      -0.20955576019358   0.31840936615905   0.38117993269337
     153.000000       0.12397874593418  -0.41112383907402   0.42941068978121
     153.500000       0.01197103304691   0.48290258405066   0.48305094070400
     154.000000      -0.19319300972717  -0.50443354796454   0.54016362643141
     154.500000       0.39772296192729   0.44808409072281   0.59913513233920
     155.000000      -0.58742337425182  -0.29722172193778   0.65833651927342
     155.500000       0.71374168290811   0.05564600938517   0.71590758361746
     156.000000      -0.72934234413701   0.24594965536921   0.76969571125705
     156.500000       0.60389662665011  -0.55063162969602   0.81724312618771
     157.000000      -0.33951141793354   0.78564473650231   0.85586544205327
     157.500000      -0.02090722561009  -0.88253484831184   0.88278245936783
     158.000000       0.39867981585040   0.80180675014823   0.89545500174479
     158.500000      -0.70032468813161  -0.55219002440925   0.89183434104307
     159.000000       0.84896555358125   0.19403194315431   0.87085642107741
     159.500000      -0.81315293430206   0.17879211285457   0.83257691187244
     160.000000       0.61885501717718  -0.47217459137369   0.77841529855487
     160.500000      -0.33749075139249   0.62617074198504   0.71132960390635
     161.000000       0.05462130385511  -0.63320461458927   0.63555611142682
     161.500000       0.16384868240785   0.53161813574334   0.55629509523095
     162.000000      -0.29121976711628  -0.38063036457295   0.47925820514019
     162.500000       0.33805795188019   0.23181283670004   0.40990287884857
     163.000000      -0.33381669307988  -0.11253739779484   0.35227581591875
     163.500000       0.30715462015453   0.02683585307757   0.30832470496649
     164.000000      -0.27554754332793   0.03360615772082   0.27758930539704
     164.500000       0.24586845670248  -0.07882635684067   0.25819545413123
     165.000000      -0.21971800423355   0.11614541359230   0.24852717855981
     165.500000       0.19687376594747  -0.15148501949415   0.24840891861905
     166.000000      -0.17482033064764   0.19080005551576   0.25877946053072
     166.500000       0.14674143995952  -0.23901276970120   0.28046417646757
     167.000000      -0.10154043403728   0.29627964218321   0.31319656147009
     167.500000       0.02687734857398  -0.35491273389691   0.35592898245091
     168.000000       0.08574441724928   0.39794563279273   0.40707840982816
     168.500000      -0.23489466546392  -0.40136901711574   0.46505117112406
     169.000000       0.40443882141073   0.33975428650938   0.52820804184109
     169.500000      -0.56182469707167  -0.19513947798700   0.59474902783335
     170.000000       0.66172074723009  -0.03241987081548   0.66251444915446
     170.500000      -0.65679793253250   0.31617129872276   0.72893608383383
     171.000000       0.51440958788363  -0.60078494202867   0.79092336586739
     171.500000      -0.23488455826852   0.81167432704862   0.84497690436061
     172.000000      -0.13696657699351  -0.87670344254935   0.88733802431272
     172.500000       0.51598206220986   0.75491917001136   0.91440715317247
     173.000000      -0.80040342341078  -0.45988219930516   0.92311281945678
     173.500000       0.90939129254557   0.06362866396147   0.91161457307089
     174.000000      -0.81677639559596   0.32626723011649   0.87953054856020
     174.500000       0.56279992304407  -0.60760550190445   0.82820782375136
     175.000000      -0.23590062203144   0.72350331655779   0.76099024471076
     175.500000      -0.06727411701592  -0.67951724313555   0.68283928602477
     176.000000       0.28066294320622   0.53025515731922   0.59995184769514
     176.500000      -0.38696254308376  -0.34635730808714   0.51932975517991
     177.000000       0.40946031040406   0.18159375503439   0.44792191022954
     177.500000      -0.38690694935773  -0.05751827016503   0.39115896878901
     178.000000       0.35034425665888  -0.03071800762301   0.35168834806714
     178.500000      -0.31343327002859   0.09846976449402   0.32853722662786
     179.000000       0.27602009700410  -0.15793869947398   0.31801214873285
     179.500000      -0.23311430422425   0.21369514534972   0.31624024724882
     180.000000       0.18064830490273  -0.26515264818715   0.32084223055091
     180.500000      -0.11627364742695   0.31009520633896   0.33117759296240
     181.000000       0.03790651158391  -0.34536985195754   0.34744386346810
     181.500000       0.05632395312195   0.36551845710807   0.36983257047203
     182.000000      -0.16619869651156  -0.36198037215344   0.39831118054417
     182.500000       0.28678282511872   0.32369069391134   0.43245815301354
     183.000000      -0.40602829086401  -0.23994505530432   0.47162761003460
     183.500000       0.50433956466234   0.10448639627044   0.51504932141435
     184.000000      -0.55589294099376   0.07951200521271   0.56155063958617
     184.500000       0.53368407045483  -0.29475722696110   0.60967246116504
     185.000000      -0.41779059961054   0.50770351365956   0.65750425314609
     185.500000       0.20560348308001  -0.67207027861304   0.70281665578559
     186.000000       0.07971770037021   0.73864956336328   0.74293881929071
     186.500000      -0.38718410342885  -0.67134829842066   0.77499681789044
     187.000000       0.64665614414202   0.46408344014551   0.79595075738007
     187.500000      -0.78854605878283  -0.15163771405049   0.80299370056333
     188.000000       0.76975748408818  -0.19426644276755   0.79389296198878
     188.500000      -0.59393848724870   0.48599610123104   0.76743412554241
     189.000000       0.31424561525613  -0.65183550322976   0.72362962209856
     189.500000      -0.01439609940409   0.66394154631795   0.66409760171614
     190.000000      -0.22530825679006  -0.54758787081101   0.59212860667013
     190.500000       0.35926164390409   0.36562562591126   0.51259245712717
     191.000000      -0.38940440489783  -0.18722009758764   0.43207309045410
     191.500000       0.35422497286705   0.05753100429702   0.35886647636424
     192.000000      -0.30193452823187   0.01560618382107   0.30233758005259
     192.500000       0.26515797841921  -0.05325659385265   0.27045335699183
     193.000000      -0.25069831269399   0.08494793129328   0.26469944279998
     193.500000       0.24555603404768  -0.13051018130494   0.27808393208072
     194.000000      -0.23106317072384   0.19366588353766   0.30149073503406
     194.500000       0.19352415214984  -0.26648117000223   0.32933844511546
     195.000000      -0.12667457309971   0.33703437091526   0.36005362746158
     195.500000       0.02921824403803  -0.39297019495923   0.39405491991721
     196.000000       0.09674158142288   0.42130594276580   0.43227032165762
     196.500000      -0.24464110166448  -0.40748017926013   0.47527819759955
     197.000000       0.40013550707819   0.33662682893286   0.52290156433321
     197.500000      -0.53899942459955  -0.19857863391281   0.57441609793365
     198.000000       0.62863550588468  -0.00548265174928   0.62865941393500
     198.500000      -0.63400237016879   0.25692275052907   0.68408208945934
     199.000000       0.52771083549640  -0.51683031402686   0.73864219984876
     199.500000      -0.30271545651014   0.72967751971183   0.78997843665695
     200.000000      -0.01727153704413  -0.83514654938223   0.83532512528770
     200.500000       0.37497470343973   0.78703925813855   0.87180090735844
     201.000000      -0.68920300784874  -0.57324985054254   0.89644641623178
     201.500000       0.87731279295228   0.22859042839816   0.90660428006544
     202.000000      -0.88436384551823   0.16858788100136   0.90028955613198
     202.500000       0.70640793087840  -0.51876892309066   0.87643217670995
     203.000000      -0.39560429987410   0.73551984760124   0.83515998963925
     203.500000       0.04216473429247  -0.77674485819753   0.77788844929993
     204.000000       0.25983218049764   0.65772717450175   0.70719007211655
     204.500000      -0.44625915718713  -0.43991547482877   0.62663614671289
     205.000000       0.50133978961492   0.20214035372346   0.54055740421770
     205.500000      -0.45387118383870  -0.00921262436241   0.45396467259775
     206.000000       0.35664166685770  -0.10847892021413   0.37277467010228
     206.500000      -0.26007698717018   0.15718177786768   0.30388509431883
     207.000000       0.19320566177776  -0.16642978292746   0.25500451052533
     207.500000      -0.15855101430695   0.16913465090113   0.23182958023775
     208.000000       0.14008787498660  -0.18598747677943   0.23284319667330
     208.500000      -0.11730781763675   0.22015153360414   0.24945504971227
     209.000000       0.07616447309855  -0.26245289883940   0.27328108436477
     209.500000      -0.01219019967018   0.29980162320862   0.30004935301801
     210.000000      -0.07251701251162  -0.32097671050737   0.32906650663922
     210.500000       0.17308754194796   0.31726209488061   0.36140632814828
     211.000000      -0.28318227922079  -0.28047801394494   0.39857260263492
     211.500000       0.39277595257727   0.20185471570954   0.44160873539499
     212.000000      -0.48514852880895  -0.07419737618658   0.49078951255957
     212.500000       0.53578416097480  -0.10270477878866   0.54553912667883
     213.000000      -0.51580736947219   0.31543014781127   0.60461013930471
     213.500000       0.40028998194422  -0.53227547561687   0.66599493360540
     214.000000      -0.18067109490234   0.70431562397012   0.72711934556965
     214.500000      -0.12316332359156  -0.77504431299099   0.78476932367276
     215.000000       0.45751853006828   0.69892711683087   0.83535760007158
     215.500000      -0.74236548313600  -0.46318978779035   0.87501502276533
     216.000000       0.89390364819999   0.10363390293356   0.89989094789452
     216.500000      -0.85685355177646   0.29669108382792   0.90676546494390
     217.000000       0.63183233600560  -0.63163873026512   0.89340896928183
     217.500000      -0.28191075190095   0.81155228288556   0.85912209836211
     218.000000      -0.08967438269669  -0.80010199476022   0.80511160526434
     218.500000       0.38181916345200   0.62735114224163   0.73440814895470
     219.000000      -0.53544483976722  -0.37156415410976   0.65173698456713
     219.500000       0.54988882925033   0.12061385511281   0.56296130113843
     220.000000      -0.47052205097396   0.06433912863469   0.47490054108857
     220.500000       0.35873226743288  -0.16582606284751   0.39520516547363
     221.000000      -0.26256160082480   0.20396535431308   0.33247625477280
     221.500000       0.20080470122868  -0.21576904060379   0.29475211096550
     222.000000      -0.16443328501873   0.23306008607099   0.28522852056109
     222.500000       0.12963312247953  -0.26863987219006   0.29828195951831
     223.000000      -0.07433487972002   0.31492334149346   0.32357747968670
     223.500000      -0.01071429245492  -0.35265400566079   0.35281672830439
     224.000000       0.12041064586671   0.36233641132633   0.38181985099112
     224.500000      -0.24022467465656  -0.33155221428561   0.40943224727852
     225.000000       0.35282094180981   0.25669068128428   0.43631722729884
     225.500000      -0.44180968219752  -0.14072396679925   0.46367987891991
     226.000000       0.49270351763605  -0.00883541279308   0.49278273185062
     226.500000      -0.49240692446421   0.18038648114921   0.52440810619373
     227.000000       0.42993183242198  -0.35703045874223   0.55884893218061
     227.500000      -0.29893321374098   0.51532002881118   0.59574809976320
     228.000000       0.10239221609078  -0.62590770852720   0.63422758179517
     228.500000       0.14251075098734   0.65745854542810   0.67272658123744
     229.000000      -0.40112560114514  -0.58492153302696   0.70924956657911
     229.500000       0.62399341264714   0.40027305665198   0.74134087902162
     230.000000      -0.75646723765648  -0.12232431037005   0.76629362424278
     230.500000       0.75521655598924  -0.20014624110493   0.78128776021942
     231.000000      -0.60645788747246   0.49642989395903   0.78373069921608
     231.500000       0.33748424964472  -0.69377015580265   0.77150025783579
     232.000000      -0.01375413049438   0.74321699475137   0.74334425227677
     232.500000      -0.28140387543745  -0.64011079651498   0.69923527723239
     233.000000       0.47712809387198   0.42718882552002   0.64042291543251
     233.500000      -0.54123929192071  -0.17718640677846   0.56950416492410
     234.000000       0.48877976938851  -0.03721631643235   0.49019457072909
     234.500000      -0.36980902294604   0.17089554106077   0.40738679336321
     235.000000       0.24388689903685  -0.21851647560740   0.32746033291636
     235.500000      -0.15498694847441   0.20855528733796   0.25983891562664
     236.000000       0.11696617099877  -0.18449728738309   0.21844984369377
     236.500000      -0.11390521019175   0.18338054776610   0.21587686816290
     237.000000       0.11249684264809  -0.22032248650339   0.24738136078700
     237.500000      -0.08023063974478   0.28468263865706   0.29577214254659
     238.000000       0.00029791943597  -0.34833946397561   0.34833959137429
     238.500000       0.12338386108777   0.37987359856376   0.39940897343788
     239.000000      -0.27061984618452  -0.35636648426206   0.44747309668206
     239.500000       0.41379390222622   0.26834899122375   0.49319020125141
     240.000000      -0.52465289017946  -0.11878694879983   0.53793214663081
     240.500000       0.57760650093066  -0.07915849290604   0.58300543472297
     241.000000      -0.55142338598819   0.30276594011431   0.62907468961005
     241.500000       0.43263479985368  -0.51950172545138   0.67605836492968
     242.000000      -0.22122864866955   0.68849716438962   0.72316696575874
     242.500000      -0.06336925423669  -0.76634096383730   0.76895652363290
     243.000000       0.37891823455643   0.71745972542752   0.81137382635250
     243.500000      -0.66369042426843  -0.52782322974172   0.84798722933815
     244.000000       0.84884225233117   0.21665693352677   0.87605558966762
     244.500000      -0.87835043224456   0.15964976663158   0.89274158064343
     245.000000       0.73118563894708  -0.51704071518678   0.89552417039592
     245.500000      -0.43525085795844   0.76775678478391   0.88254959630339
     246.000000       0.06388557256911  -0.85050470949893   0.85290071360173
     246.500000       0.28704373998686   0.75419405433953   0.80697136273027
     247.000000      -0.53362217321375  -0.52208484080949   0.74654216541896
     247.500000       0.63328146066387   0.23285729224227   0.67473544961783
     248.000000      -0.59462400151297   0.03213495492156   0.59549169473898
     248.500000       0.46470837876046  -0.21772006734551   0.51318213629774
     249.000000      -0.30357595146016   0.30741523169512   0.43204453819382
     249.500000       0.16086165892920  -0.31779336091934   0.35618688010350
     250.000000      -0.06323496484186   0.28311056405400   0.29008662888442
     250.500000       0.01330061693821  -0.23956401755531   0.23993295921607
     251.000000       0.00503056800200   0.21378779057748   0.21384696868186
     251.500000      -0.01746533180725  -0.21582829588568   0.21653381057020
     252.000000       0.04821317824471   0.23773014177628   0.24256984739539
     252.500000      -0.11004540653915  -0.25866825024905   0.28110363780512
     253.000000       0.19981201171788   0.25482443371018   0.32382145086832
     253.500000      -0.30109731592760  -0.20923375362822   0.36665836594323
     254.000000       0.39156314619754   0.11636502248931   0.40848808540648
     254.500000      -0.44954512641267   0.01845470924591   0.44992376795935
     255.000000       0.45720503806941  -0.18223851454565   0.49218626862180
     255.500000      -0.40126205372232   0.35606612195431   0.53646464837959
     256.000000       0.27402669239922  -0.51496130215507   0.58333161311942
     256.500000      -0.07699145898060   0.62789891491443   0.63260155872926
     257.000000      -0.17383896240299  -0.66075133877810   0.68323664754344
     257.500000       0.44337274096026   0.58398724399571   0.73322608285325
     258.000000      -0.67816048161366  -0.38526003559420   0.77995316131709
     258.500000       0.81607922014529   0.08178762087490   0.82016736614018
     259.000000      -0.80509134299868   0.27355165438638   0.85029558283514
     259.500000       0.62605540409073  -0.59946762807746   0.86677956027125
     260.000000      -0.30901173919225   0.80960225833593   0.86657029239482
     260.500000      -0.06859594241529  -0.84470678108334   0.84748743313634
     261.000000       0.40594124437247   0.69955744062106   0.80880708862556
     261.500000      -0.61769346163838  -0.42833614076106   0.75167616832842
     262.000000       0.66830825673343   0.12180100828867   0.67931687130396
     262.500000      -0.58183968875821   0.13296484661684   0.59683923618517
     263.000000       0.42221187796947  -0.28748951403600   0.51079652561384
     263.500000      -0.25767972679101   0.34247322830530   0.42858692666126
     264.000000       0.13164824289417  -0.33272100306047   0.35781912432776
     264.500000      -0.05396041873389   0.30085931669467   0.30566003211398
     265.000000       0.01009690354740  -0.27762324476329   0.27780679166309
     265.500000       0.02452990750922   0.27484986431502   0.27594232056065
     266.000000      -0.07271449528127  -0.28671136801481   0.29578844868069
     266.500000       0.14746642272300   0.29480402025626   0.32962972588948
     267.000000      -0.24705938426073  -0.27573160410473   0.37022460325249
     267.500000       0.35442647466593   0.21059517360016   0.41227230453645
     268.000000      -0.44299240117725  -0.09353608797653   0.45275961310031
     268.500000       0.48595833931950  -0.06565272247621   0.49037311052168
     269.000000      -0.46455267230188   0.24479345178472   0.52510286552207
     269.500000       0.37187340592439  -0.41553635834157   0.55763813995958
     270.000000      -0.21292368417069   0.54895431875219   0.58880161290327
     270.500000       0.00347115580966  -0.61924007891165   0.61924980763272
     271.000000       0.23113605146028   0.60663746167366   0.64917862271528
     271.500000      -0.45747754055089  -0.50087549468383   0.67835238724667
     272.000000       0.63643554609182   0.30521220666063   0.70583616755154
     272.500000      -0.72916758345782  -0.04052636165090   0.73029292119969
     273.000000       0.70578155507477  -0.25324975217836   0.74984201033428
     273.500000      -0.55628874173767   0.52111151297034   0.76224298824870
     274.000000       0.29973780301768  -0.70402753658501   0.76517809876382
     274.500000       0.01425205236884   0.75637198031134   0.75650624161127
     275.000000      -0.31541710596473  -0.66340283960655   0.73456877032256
     275.500000       0.53359110107510   0.45080321852122   0.69852917260171
     276.000000      -0.62357909963092  -0.17904723214204   0.64877484910733
     276.500000       0.58178312787075  -0.07795040416714   0.58698200431095
     277.000000      -0.44549983132978   0.26077997790641   0.51621342155327
     277.500000       0.27412775184843  -0.34502670904243   0.44066932532924
     278.000000      -0.12283161470444   0.34420776012524   0.36546762880088
     278.500000       0.02277984277852  -0.29584407616925   0.29671979819596
     279.000000       0.02382529029352   0.24068555877909   0.24186190825009
     279.500000      -0.03570206484038  -0.20751921249959   0.21056794863016
     280.000000       0.04077468745753   0.20705156832475   0.21102826133719
     280.500000      -0.06612504020173  -0.23206978505405   0.24130666397080
     281.000000       0.12946245603806   0.26050093558915   0.29089734437810
     281.500000      -0.23217965552356  -0.26186040643305   0.34996894847446
     282.000000       0.35552276143788   0.20812757912986   0.41196301180430
     282.500000      -0.46515127232125  -0.08601488860398   0.47303727887306
     283.000000       0.52242517964795  -0.09615897351410   0.53120110741364
     283.500000      -0.49713167605692   0.30994188566415   0.58583604859057
     284.000000       0.37591793234533  -0.51445135298621   0.63716127193053
     284.500000      -0.16524144103044   0.66539002177010   0.68560091518684
     285.000000      -0.10891223266382  -0.72312367205151   0.73127950846792
     285.500000       0.40322222968343   0.66060843207165   0.77394551942306
     286.000000      -0.66238707146325  -0.47085419742415   0.81268709087422
     286.500000       0.82815238652682   0.17352241228032   0.84613616095381
     287.000000      -0.85293132342900   0.18323491548169   0.87239146989062
     287.500000       0.71536940440880  -0.52852106957499   0.88943122598034
     288.000000      -0.43207859155237   0.78360909058134   0.89483803904371
     288.500000       0.06086520186368  -0.88441429959815   0.88650619068994
     289.000000       0.31135549887002   0.80469657446263   0.86283186289595
     289.500000      -0.59447995109444  -0.56925087454653   0.82307531272979
     290.000000       0.72648981494313   0.24851178924772   0.76781870295741
     290.500000      -0.69594142805916   0.06683115421538   0.69914295710018
     291.000000       0.54309442568239  -0.30080938422614   0.62083640425300
     291.500000      -0.33756538851093   0.41879740507106   0.53790487822178
     292.000000       0.14588006460030  -0.43245094723120   0.45639326792686
     292.500000      -0.00636811812396   0.38236723067616   0.38242025577026
     293.000000      -0.07623062671823  -0.31220641522282   0.32137821045637
     293.500000       0.11834506751423   0.24990968193078   0.27651474486489
     294.000000      -0.14077337995980  -0.20496731138218   0.24865386230772
     294.500000       0.15928007449357   0.17552042006622   0.23701805836455
     295.000000      -0.18407254631154  -0.15509849471235   0.24070364635304
     295.500000       0.22173369668107   0.13404030625034   0.25909966411313
     296.000000      -0.27343343759056  -0.09846873641643   0.29062335908189
     296.500000       0.33037798785357   0.03314507045554   0.33203645967525
     297.000000      -0.37276186012212   0.07069376874481   0.37940613239779
     297.500000       0.37546580821489  -0.20814434823511   0.42930017801148
     298.000000      -0.31765677351591   0.35913746211192   0.47946380723964
     298.500000       0.19078867992194  -0.49320385917078   0.52881978696651
     299.000000      -0.00194765601780   0.57708783595983   0.57709112259396
     299.500000      -0.22640111530436  -0.58174580253407   0.62424806269389
     300.000000       0.45872459531408   0.48847328077712   0.67010029128424
     300.500000      -0.65030373160658  -0.29464898780869   0.71394185292510
     301.000000       0.75427605936499   0.01899213861728   0.75451512579964
     301.500000      -0.73235438703869   0.29593471068636   0.78988625839663
     302.000000       0.56852174859024  -0.58775480621358   0.81772409212843
     302.500000      -0.28057323994177   0.78673991323778   0.83527302964529
     303.000000      -0.07599088972047  -0.83618685879024   0.83963270430231
     303.500000       0.41793783735909   0.71511138524063   0.82828517383639
     304.000000      -0.65911706034733  -0.45224501563607   0.79935026953681
     304.500000       0.74225565767569   0.12174871496573   0.75217432218029
     305.000000      -0.66317896373794   0.18245418527843   0.68781964763312
     305.500000       0.47269129868191  -0.38485864714962   0.60955167306425
     306.000000      -0.25126839755079   0.45862231498436   0.52294381668527
     306.500000       0.07014391846066  -0.43028648525652   0.43596631600552
     307.000000       0.03896278299930   0.35719949640360   0.35931821369093
     307.500000      -0.08881462041344  -0.29162084110612   0.30484545554530
     308.000000       0.11569961858905   0.25585617482425   0.28080025629858
     308.500000      -0.15137486829525  -0.24112564867792   0.28470323005149
     309.000000       0.20741605708905   0.22443870571439   0.30560457025562
     309.500000      -0.27713637157503  -0.18625726532691   0.33391067269081
     310.000000       0.34630351947039   0.11732123390745   0.36563697778418
     310.500000      -0.40005077164596  -0.01569573635215   0.40035855933671
     311.000000       0.42277871671422  -0.11571959504465   0.43832963393298
     311.500000      -0.39749110818708   0.26714379702676   0.47892065039802
     312.000000       0.31015069358393  -0.41821889986200   0.52067312292107
     312.500000      -0.15708765292174   0.53949849800964   0.56190315896524
     313.000000      -0.04935510742828  -0.59923731702844   0.60126640414104
     313.500000       0.28083082258807   0.57273638591637   0.63788158671342
     314.000000      -0.49817377122575  -0.45002566053276   0.67134208975397
     314.500000       0.65908872598171   0.23962828553516   0.70129855549881
     315.000000      -0.72662404656770   0.03101139234002   0.72728550893393
     315.500000       0.67753358077952  -0.31852589587248   0.74867249143086
     316.000000      -0.50915582676334   0.57019877835779   0.76443855395170
     316.500000       0.24385977100747  -0.73385456062615   0.77331113018475
     317.000000       0.07165596836895   0.77043407144485   0.77375915907082
     317.500000      -0.37385977610485  -0.66644072155158   0.76414289732442
     318.000000       0.59703613708781   0.44206180772416   0.74288006490757
     318.500000      -0.69282311986881  -0.15009046791314   0.70889422623064
     319.000000       0.64719749096745  -0.13757966664611   0.66165909423888
     319.500000      -0.48755814029213   0.35276353402798   0.60179319629340
     320.000000       0.27338444241861  -0.45553539911576   0.53127352014202
     320.500000      -0.07239420536435   0.44782489534320   0.45363868646698
     321.000000      -0.06659975425890  -0.36814714384823   0.37412276967722
     321.500000       0.13069736327965   0.27048320132208   0.30040466535274
     322.000000      -0.14133516224672  -0.19766790106031   0.24299840986495
     322.500000       0.13576488273959   0.16472874985630   0.21346583898721
     323.000000      -0.14515848762716  -0.15999976550317   0.21603451458338
     323.500000       0.18189758831199   0.15908335835377   0.24164901725195
     324.000000      -0.24102271183658  -0.13990452513705   0.27868481080763
     324.500000       0.30893854164135   0.08922924098975   0.32156629170218
     325.000000      -0.36935643493370  -0.00073421136527   0.36935716467027
     325.500000       0.40297452000041  -0.12671286968258   0.42242705300769
     326.000000      -0.38619835757287   0.28517462404728   0.48007680384757
     326.500000       0.29694530875034  -0.45161229992515   0.54049068986664
     327.000000      -0.12581453934459   0.58803158234434   0.60134053592360
     327.500000      -0.11434421049225  -0.65047471521338   0.66044829745032
     328.000000       0.38596723421735   0.60313914088350   0.71606391415507
     328.500000      -0.63381888238779  -0.43183245599282   0.76694566021335
     329.000000       0.79773441641538   0.15157419158002   0.81200673315356
     329.500000      -0.82793126828125   0.19258058055169   0.85003380227108
     330.000000       0.70016329026118  -0.53269813253715   0.87977038677028
     330.500000      -0.42617810058463   0.79236286786501   0.89970366665319
     331.000000       0.05620623325793  -0.90651299385807   0.90825379090349
     331.500000       0.32977570551379   0.84157642612387   0.90388212558638
     332.000000      -0.64218513218815  -0.60925270854218   0.88520653345391
     332.500000       0.80814184847620   0.26751661877916   0.85126869352841
     333.000000      -0.79622197786360   0.09486618939687   0.80185349779352
     333.500000       0.62800196246306  -0.38693679794002   0.73763578442042
     334.000000      -0.37026873424095   0.54706116835840   0.66058675242701
     334.500000       0.10811468655960  -0.56405124232651   0.57431923998762
     335.000000       0.08962939628562   0.47558487786145   0.48395702777108
     335.500000      -0.19480833671558  -0.34538568789033   0.39653696101797
     336.000000       0.22317470769426   0.23109155327607   0.32126353068776
     336.500000      -0.21606188567560  -0.16013725077134   0.26893619601366
     337.000000       0.21276748659900   0.12554134303433   0.24704378592573
     337.500000      -0.23090975774465  -0.10098654306166   0.25202697891543
     338.000000       0.26406061951131   0.06193435299962   0.27122661163348
     338.500000      -0.29392799967260   0.00065391106650   0.29392872706018
     339.000000       0.30531303398821  -0.08152021092244   0.31600885036961
     339.500000      -0.29225812142588   0.17065304573650   0.33843355560365
     340.000000       0.25384748920606  -0.26188372288606   0.36472130742374
     340.500000      -0.18630730477378   0.35158540865739   0.39789786552940
     341.000000       0.08160356276408  -0.43120266754511   0.43885633407051
     341.500000       0.06548138092369   0.48187003838908   0.48629882289059
     342.000000      -0.24777602945382  -0.47719096296855   0.53768408560302
     342.500000       0.44010596375369   0.39331569978676   0.59024613427816
     343.000000      -0.60249431464732  -0.22101317637936   0.64175246264868
     343.500000       0.68977555311773  -0.02659815980773   0.69028818314095
     344.000000      -0.66461423528511   0.31199866524536   0.73420381969757
     344.500000       0.51043334263332  -0.57894167724385   0.77182618698885
     345.000000      -0.24091441745056   0.76428406575918   0.80135503349572
     345.500000      -0.09735282158268  -0.81493617366123   0.82073049109420
     346.000000       0.43216505484857   0.70625719698708   0.82798904758959
     346.500000      -0.68379830486762  -0.45461665331742   0.82113118514240
     347.000000       0.78982262409988   0.11853453428661   0.79866777408292
     347.500000      -0.72809479566502   0.21666660813464   0.75964889952863
     348.000000       0.52733467849775  -0.46641008809505   0.70400300668617
     348.500000      -0.25848762440806   0.57778194614410   0.63296747883457
     349.000000       0.00706781470091  -0.54936904452546   0.54941450753276
     349.500000       0.16204593621213   0.42872278544267   0.45832533445205
     350.000000      -0.22954255252350  -0.28711485278229   0.36759314752482
     350.500000       0.22426626641327   0.18459701204057   0.29046758012772
     351.000000      -0.20123294292808  -0.14233646242329   0.24648400730001
     351.500000       0.20802670402367   0.13871190354466   0.25003220147000
     352.000000      -0.25921462121461  -0.12875300377608   0.28942970793060
     352.500000       0.33291940788552   0.07449569698934   0.34115237214003
     353.000000      -0.38902983515495   0.03384044032759   0.39049889633936
     353.500000       0.39400940958636  -0.17724347490827   0.43204011878545
     354.000000      -0.33539898902861   0.32336450274512   0.46589385430269
     354.500000       0.21984672687589  -0.44371515281020   0.49519260914459
     355.000000      -0.06177619444417   0.52011045049438   0.52376633999663
     355.500000      -0.12364112151693  -0.54048389308260   0.55444563810322
     356.000000       0.31945727784525   0.49404145886700   0.58832806787347
     356.500000      -0.50168074062771  -0.37214568857866   0.62464067994684
     357.000000       0.63784703565214   0.17577622500281   0.66162385247697
     357.500000      -0.69296206213177   0.07717889429790   0.69724672912747
     358.000000       0.64018131635068  -0.34992303386693   0.72957401779060
     358.500000      -0.47177831764376   0.59185849277675   0.75688259094178
     359.000000       0.20611269500552  -0.74988214528149   0.77769253233808
     359.500000       0.11254658902274   0.78255085349159   0.79060266442826
     360.000000      -0.42146202058357  -0.67317629380289   0.79422701876263
     360.500000       0.65407206040880   0.43818293059986   0.78728301193185
     361.000000      -0.75807932831904  -0.12672374256801   0.76859818823302
     361.500000       0.71246133173441  -0.19026742686068   0.73742989018683
     362.000000      -0.53587155040453   0.44008502978564   0.69342133798606
     362.500000       0.28251890824331  -0.57074007492044   0.63683684459616
     363.000000      -0.02475976865417   0.56827195842803   0.56881109771122
     363.500000      -0.17216223304216  -0.46029953338684   0.49144226000844
     364.000000       0.27281058872767   0.30328620885724   0.40793154058608
     364.500000      -0.28147726953688  -0.15885849300696   0.32321119112181
     365.000000       0.23562998249927   0.06917632330539   0.24557453524064
     365.500000      -0.18584196001151  -0.04232718217974   0.19060121839117
     366.000000       0.17166130453130   0.05373914914205   0.17987634537064
     366.500000      -0.20488224790652  -0.06193446439694   0.21403881280591
     367.000000       0.26690770977474   0.03086750410949   0.26868667318486
     367.500000      -0.32172580920087   0.05300375442840   0.32606271527033
     368.000000       0.33493662189044  -0.17727012098631   0.37895545447701
     368.500000      -0.28852252691831   0.31369270270341   0.42620225277290
     369.000000       0.18242164570430  -0.43300367887913   0.46986151443199
     369.500000      -0.02680470480457   0.51268287904114   0.51338311879295
     370.000000      -0.16459112158622  -0.53494248863252   0.55969072124644
     370.500000       0.37309535024697   0.48275055157503   0.61012149234550
     371.000000      -0.56897209226789  -0.34183379026991   0.66376169063151
     371.500000       0.70960954603669   0.11147848782021   0.71831271816186
     372.000000      -0.74838679479845   0.18478858952039   0.77086290444257
     372.500000       0.65111255896508  -0.49598302263568   0.81850273254576
     373.000000      -0.41290486304284   0.75282035456400   0.85862035392267
     373.500000       0.06749115611789  -0.88635263846083   0.88891847537365
     374.000000       0.31605822509975   0.85059038984273   0.90741215164114
     374.500000      -0.64957849596162  -0.64073785261948   0.91241285512381
     375.000000       0.85126396256673   0.29988881133658   0.90254287052177
     375.500000      -0.87230170422429   0.08994739568900   0.87692690526853
     376.000000       0.71493723479406  -0.43227127095170   0.83546017342850
     376.500000      -0.43256357783238   0.64755512111205   0.77874185950519
     377.000000       0.11110368373771  -0.69952271425872   0.70829094043619
     377.500000       0.16225671160614   0.60529722775870   0.62666735545551
     378.000000      -0.33020399000081  -0.42419876809408   0.53756792116438
     378.500000       0.38161655636698   0.23011275045257   0.44562660828796
     379.000000      -0.34781986508446  -0.08171693659086   0.35729024094308
     379.500000       0.28177604669540   0.00247851062787   0.28178694701178
     380.000000      -0.23160005129484   0.02115176720449   0.23256392887902
     380.500000       0.22077400573555  -0.02555308730501   0.22224788385795
     381.000000      -0.24230556965339   0.04850759682426   0.24711328583206
     381.500000       0.26734781724130  -0.11035877175117   0.28922986340646
     382.000000      -0.26277893850919   0.20612480650979   0.33397635602346
     382.500000       0.20799459834456  -0.31079756383355   0.37397443579125
     383.000000      -0.10331498639295   0.39350260261300   0.40683938437248
     383.500000      -0.03411904437356  -0.43219695984132   0.43354160271541
     384.000000       0.18214081242739   0.41939984690163   0.45724337844612
     384.500000      -0.32352027247703  -0.35752758641088   0.48217355977739
     385.000000       0.44698682601396   0.24977907125822   0.51204180207152
     385.500000      -0.54010210576726  -0.09632380989925   0.54862424391174
     386.000000       0.58274020755217  -0.10020225038295   0.59129234772637
     386.500000      -0.54891788944805   0.32438070268403   0.63759994481641
     387.000000       0.41784088919274  -0.54185995807030   0.68425377079073
     387.500000      -0.18826545467583   0.70301815796996   0.72779008777241
     388.000000      -0.11161111579914  -0.75679666749239   0.76498250770689
     388.500000       0.42454747533552   0.66960833594167   0.79285300174518
     389.000000      -0.67714700756207  -0.44234456792906   0.80882432371104
     389.500000       0.80208939183321   0.11727610535489   0.81061771346214
     390.000000      -0.76268763501921   0.22951847276345   0.79647420419676
     390.500000       0.56991358953716  -0.51108453551134   0.76551218277567
     391.000000      -0.28162796198706   0.66029010807484   0.71784213849179
     391.500000      -0.01749448359346  -0.65437880557390   0.65461261685101
     392.000000       0.24805437831906   0.52249817924056   0.57839028511288
     392.500000      -0.36592605846589  -0.33038329678102   0.49300608825477
     393.000000       0.37461366005216   0.15039324424286   0.40367502054445
     393.500000      -0.31632664868654  -0.03215043448051   0.31795628489864
     394.000000       0.24836933635277  -0.01354505164772   0.24873840810067
     394.500000      -0.21608933442813   0.01269615495913   0.21646198928296
     395.000000       0.23483114942483  -0.01113774982840   0.23509512587765
     395.500000      -0.28524263669368   0.05128482721062   0.28981631301565
     396.000000       0.32416862724830  -0.15111810305393   0.35766182346271
     396.500000      -0.30588611329096   0.29462826250726   0.42470239859494
     397.000000       0.20526568484068  -0.43840946516755   0.48408352638941
     397.500000      -0.02985667375763   0.53190018139715   0.53273748125900
     398.000000      -0.18435694435714  -0.53987085321582   0.57048051770826
     398.500000       0.39098513091545   0.45409234644123   0.59922385774723
     399.000000      -0.55061547348911  -0.28989882878516   0.62226901785052
     399.500000       0.63907661139839   0.07387648946210   0.64333245754563
     400.000000      -0.64424286806362   0.16575254180391   0.66522385567965
